0.000000000000000000e+00   3.562166666666666970e+01   2.984534674320642456e+00
2.000000000000000111e-01   3.528333333333333144e+01   3.564578828167813018e+00
4.000000000000000222e-01   4.404499999999999460e+01   6.025533862931427898e+00
5.999999999999999778e-01   4.860166666666665947e+01   5.984709451779779421e+00
8.000000000000000444e-01   5.196166666666667311e+01   4.754255695923624181e+00
1.000000000000000000e+00   5.474999999999999289e+01   5.576453472713040149e+00
1.199999999999999956e+00   5.473333333333333428e+01   5.186044307133863107e+00
1.399999999999999911e+00   5.319166666666666998e+01   5.799670728201347991e+00
1.600000000000000089e+00   5.242166666666666686e+01   4.176495407502430091e+00
1.800000000000000044e+00   5.377833333333333599e+01   5.911848037815435219e+00
2.000000000000000000e+00   5.346500000000000341e+01   4.641464388171762323e+00
2.200000000000000178e+00   5.373999999999998778e+01   6.741641738726061206e+00
2.399999999999999911e+00   5.314999999999999147e+01   4.883663242553345718e+00
2.600000000000000089e+00   5.257666666666666799e+01   5.240097539380561109e+00
2.799999999999999822e+00   5.143333333333333002e+01   5.117019531806468180e+00
3.000000000000000000e+00   4.931666666666665577e+01   4.528950086818013254e+00
3.200000000000000178e+00   4.831666666666666998e+01   4.837170890326516037e+00
3.399999999999999911e+00   5.151499999999998636e+01   5.029183996103807175e+00
3.600000000000000089e+00   5.185499999999999687e+01   5.374389112572082183e+00
3.799999999999999822e+00   5.010499999999998977e+01   5.168435449920990798e+00
4.000000000000000000e+00   4.930833333333333002e+01   4.735611247652078859e+00
4.200000000000000178e+00   4.865833333333333144e+01   5.532932967443417560e+00
4.400000000000000355e+00   4.701333333333334252e+01   4.521373930811543929e+00
4.599999999999999645e+00   4.740333333333334309e+01   5.011718489921616282e+00
4.799999999999999822e+00   4.628999999999999915e+01   4.583492118461642839e+00
5.000000000000000000e+00   4.712166666666666970e+01   5.145786032171264068e+00
5.200000000000000178e+00   4.769833333333333059e+01   4.503378053071815046e+00
5.400000000000000355e+00   4.736333333333333684e+01   3.334439816354298980e+00
5.599999999999999645e+00   4.692499999999999716e+01   5.481160917178038439e+00
5.799999999999999822e+00   4.567166666666666686e+01   5.217257953710507046e+00
6.000000000000000000e+00   4.632333333333333769e+01   4.307023978985437651e+00
6.200000000000000178e+00   4.728333333333333144e+01   5.872709955567550821e+00
6.400000000000000355e+00   4.725500000000000966e+01   4.632806025150056684e+00
6.599999999999999645e+00   4.660499999999999687e+01   4.773474450893535170e+00
6.799999999999999822e+00   4.728833333333333400e+01   4.797980188463567330e+00
7.000000000000000000e+00   4.669833333333333769e+01   4.379678133785126271e+00
7.200000000000000178e+00   4.690999999999999659e+01   4.789196174724941635e+00
7.400000000000000355e+00   4.946000000000000085e+01   4.648680816461088661e+00
7.599999999999999645e+00   4.869333333333332092e+01   4.063449547148607621e+00
7.799999999999999822e+00   4.921833333333332661e+01   5.516089848998312561e+00
8.000000000000000000e+00   4.790333333333332888e+01   5.175502122714494391e+00
