0.00    0.79    0.74    0.81
0.25    0.72    0.80    0.82
0.50    0.66    0.91    0.90
0.75    0.58    0.92    0.91
1.00    0.51    0.93    0.92
1.25    0.46    0.93    0.92
1.50    0.43    0.93    0.93
1.75    0.38    0.93    0.93
2.00    0.34    0.93    0.93
2.25    0.31    0.93    0.93
2.50    0.28    0.93    0.93
2.75    0.24    0.93    0.93
3.00    0.22    0.93    0.93
4.00    0.14    0.93    0.93
5.00    0.08    0.92    0.93
6.00    0.04    0.92    0.92
7.00    0.02    0.92    0.92
8.00    0.01    0.92    0.92
9.00    0.00    0.92    0.92
16.00    0.00    0.92    0.91

