0.000000    0.670801    0.579526    0.684890
0.250000    0.537985    0.598987    0.658904
0.500000    0.353093    0.733316    0.732984
0.750000    0.255796    0.786887    0.781895
1.000000    0.199787    0.818478    0.808554
1.250000    0.156650    0.802134    0.805836
1.500000    0.128288    0.801128    0.825106
1.750000    0.088106    0.803551    0.815406
2.000000    0.074722    0.811559    0.808068
2.250000    0.052573    0.807767    0.802228
2.500000    0.040581    0.798210    0.799006
2.750000    0.031829    0.789617    0.790878
3.000000    0.030416    0.768503    0.778777
3.250000    0.018584    0.784808    0.789982
3.500000    0.006923    0.771846    0.793103
3.750000    0.007229    0.769185    0.791953
4.000000    0.002839    0.766605    0.778232
4.250000    0.001799    0.754852    0.772185
4.500000    0.000375    0.745653    0.781657
4.750000    0.000141    0.757267    0.762552
5.000000    0.000000    0.764440    0.751777
5.250000    0.000000    0.749474    0.742841
5.500000    0.000036    0.730607    0.765747
5.750000    0.000000    0.739475    0.766861
6.000000    0.000000    0.728107    0.745161
6.250000    0.000000    0.734812    0.776348
6.500000    0.000000    0.730042    0.772867
6.750000    0.000000    0.708121    0.781746
7.000000    0.000000    0.711303    0.775260


