0.000000    0.718709    0.646041    0.767802
0.250000    0.618014    0.675645    0.745618
0.500000    0.476233    0.831332    0.837584
0.750000    0.399122    0.870278    0.862984
1.000000    0.317463    0.882946    0.880434
1.250000    0.245517    0.874209    0.871279
1.500000    0.216114    0.869112    0.865783
1.750000    0.180814    0.868481    0.872600
2.000000    0.144212    0.875270    0.871407
2.250000    0.105679    0.863486    0.870942
2.500000    0.079166    0.865474    0.867582
2.750000    0.062030    0.863676    0.864443
3.000000    0.037475    0.865670    0.859196
3.250000    0.028792    0.861272    0.853692
3.500000    0.026266    0.862532    0.858552
3.750000    0.017321    0.852251    0.858898
4.000000    0.014083    0.849994    0.867845
4.250000    0.009949    0.844252    0.857874
4.500000    0.004622    0.842038    0.854001
4.750000    0.004178    0.836248    0.847738
5.000000    0.001756    0.830276    0.853372
5.250000    0.001647    0.849405    0.843223
5.500000    0.000324    0.842090    0.844271
5.750000    0.000061    0.847888    0.848010
6.000000    0.000030    0.838425    0.849401
6.250000    0.000089    0.839105    0.851996
6.500000    0.000000    0.821171    0.857613
6.750000    0.000000    0.811728    0.858016
7.000000    0.000000    0.810706    0.862405
