12.35 8.45 0 0.206171 
12.3516 8.45545 0 0.26607 
12.3731 8.462 0 0.632554 
12.4126 8.46955 0 0.97304 
12.4685 8.478 0 1.28261 
12.5391 8.48727 0 1.5632 
12.6232 8.49727 0 1.8173 
12.7193 8.50795 0 2.04732 
12.8264 8.51925 0 2.2555 
12.9433 8.53112 0 2.44389 
13.0692 8.54351 0 2.61436 
13.2033 8.55638 0 2.7686 
13.3446 8.56971 0 2.90815 
13.4926 8.58346 2.2993 3.03433 
13.6466 8.59754 4.89921 3.14902 
13.806 8.61193 5.52586 3.2534 
13.9704 8.6266 6.24538 3.34785 
14.1393 8.64152 7.07652 3.43328 
14.3123 8.65667 8.04118 3.51055 
14.4889 8.67203 9.16458 3.58039 
14.6689 8.68756 10.475 3.64349 
14.8519 8.70326 12.0034 3.70046 
15.0375 8.71907 13.7819 3.75184 
15.2256 8.73499 18.4027 3.79813 
15.4159 8.75104 21.4774 3.83976 
15.6082 8.76718 25.1352 3.87713 
15.8022 8.78339 29.4852 3.91058 
15.9978 8.79964 34.6631 3.94043 
16.1948 8.81591 40.8557 3.96694 
16.3931 8.83219 63.3048 3.98701 
16.5915 8.8485 222.205 3.95579 
16.7792 8.86471 1364.86 3.36519 
16.8869 8.87498 2502.8 0.730871 
16.8713 8.88375 1120.7 0.897837 
16.8318 8.89142 2166.45 0.408959 
16.9047 8.90408 2505.38 3.13064 
17.0749 8.9077 1770.23 3.10134 
17.1904 8.92006 1373.31 1.6448 
17.2519 8.94462 1046.98 1.11111 
17.2735 8.96513 2304.22 0.416429 
17.205 8.9761 1603.37 2.00207 
17.1393 9.01148 4144.22 1.01736 
17.2591 9.03315 2726.28 3.37319 
17.3444 9.03073 4430.35 0.908774 
17.2554 9.07976 1913.57 2.30422 
17.1949 9.13864 2810.9 1.09124 
17.2423 9.18109 1951.64 1.81629 
17.3301 9.21957 2203.89 1.82184 
17.382 9.25555 3210.36 0.855159 
17.3824 9.29244 3721.82 0.565882 
17.3945 9.29549 4162.64 0.666763 
17.4272 9.2808 4150.82 0.509482 
17.4286 9.28344 4331.42 0.385821 
17.4371 9.29141 5793.48 0.949484 
17.4902 9.26628 6393.66 0.831996 
17.4766 9.26107 5488.38 0.862974 
17.4484 9.26798 5102.48 0.222396 
17.4708 9.25574 5684.65 0.884053 
17.5203 9.26113 7568.24 0.98211 
17.5631 9.2742 7620.45 0.681207 
17.5765 9.27736 6080.23 0.193434 
17.5561 9.26546 5579.8 0.589116 
17.5397 9.27106 6785.34 0.387483 
17.5789 9.28293 6925.74 0.853161 
17.5973 9.29332 6399.19 0.177843 
17.584 9.2997 5751.68 0.350056 
17.576 9.30307 6321.96 0.13574 
17.598 9.30119 7332.49 0.622162 
17.6227 9.31116 8107.5 0.494891 
17.6476 9.32744 8248.12 0.64328 
17.6732 9.33023 7468.99 0.451424 
17.6979 9.32474 7939.87 0.611461 
17.7265 9.32291 8008.8 0.397804 
17.7409 9.33104 8343.03 0.416142 
17.7674 9.32657 8422.09 0.575972 
17.7804 9.31071 8176.84 0.25162 
17.7948 9.29873 8688.11 0.649284 
17.8178 9.28373 8233.37 0.145636 
17.8168 9.29019 7849.52 0.236278 
17.8402 9.29352 8141.22 0.567266 
17.8584 9.28987 8310.86 0.211315 
17.8665 9.28794 8047.61 0.156569 
17.871 9.29262 7830.78 0.12536 
17.8686 9.2962 7714.58 0.103559 
17.86 9.2981 7556.07 0.246568 
17.8496 9.30268 7726.87 0.147996 
17.8478 9.30436 7987.34 0.0322895 
17.85 9.30604 7807.27 0.0778025 
17.8553 9.3073 7450.16 0.157328 
17.8641 9.30625 7436.51 0.160318 
17.8701 9.30661 7785.69 0.124905 
17.8786 9.31011 7941.58 0.22413 
17.8868 9.31672 8101.34 0.213589 
17.8895 9.3256 8727.36 0.109192 
17.8895 9.32571 8381.97 0.0993297 
17.8964 9.32046 8507.86 0.166418 
17.8935 9.31574 8782.59 0.236561 
17.8855 9.31293 8559.02 0.0421356 
17.8845 9.31323 8591.34 0.0728883 
17.8808 9.31247 8403.02 0.0424867 
17.885 9.30965 8274.46 0.140227 
17.8898 9.30587 8205.24 0.105555 
17.8924 9.30194 8328.12 0.0765244 
17.8931 9.29992 8323.62 0.011538 
17.894 9.30034 8214.28 0.06341 
17.8988 9.30042 8231.58 0.101193 
17.9018 9.30008 8135.57 0.0233274 
17.9026 9.30042 8037.05 0.0149757 
17.9033 9.30054 8124.21 0.0352014 
17.9076 9.29913 8306.51 0.137555 
17.9137 9.29773 8379.77 0.086896 
17.9163 9.29806 8244.66 0.0422295 
17.9186 9.29893 8187.42 0.0482809 
17.9205 9.29979 8255.99 0.0462172 
17.9244 9.2993 8270.48 0.103766 
17.9286 9.29782 8195.59 0.0657261 
17.931 9.29596 8151.68 0.0698899 
17.934 9.29377 8172.21 0.0674151 
17.9361 9.29261 8128.85 0.0290825 
17.9371 9.29326 8042.19 0.0294421 
17.9376 9.29481 7971.86 0.0352814 
17.9393 9.2961 7940.13 0.0508619 
17.9412 9.29728 7942.11 0.0348346 
17.9414 9.29914 7950.67 0.0433459 
17.9419 9.30139 7914.92 0.0494823 
17.9431 9.30346 7816.02 0.0439274 
17.9443 9.30489 7710.87 0.0266886 
17.9445 9.30543 7636.91 0.00781375 
17.9439 9.30532 7571.41 0.0171235 
17.9433 9.30473 7521.82 0.0173955 
17.9439 9.30357 7510.69 0.0408736 
17.9462 9.30198 7495.68 0.0668197 
17.9493 9.30037 7443.11 0.0705479 
17.9527 9.29922 7410.64 0.0764057 
17.957 9.29841 7445.53 0.100075 
17.9624 9.29721 7505.05 0.118018 
17.9677 9.29616 7530.09 0.0892987 
17.971 9.29592 7529.52 0.0504338 
17.9734 9.29568 7531.17 0.0515738 
17.9762 9.29519 7510.35 0.0566652 
17.9787 9.29509 7452.94 0.0446011 
17.9807 9.29496 7409.3 0.0369345 
17.9824 9.29393 7397.46 0.0437277 
17.9839 9.29237 7388.91 0.04335 
17.9857 9.29108 7366.71 0.0456967 
17.9878 9.29006 7331.14 0.0468966 
17.9899 9.28925 7292.28 0.0409346 
17.9917 9.28877 7256.75 0.0347623 
17.9936 9.28874 7224.96 0.0427214 
17.9962 9.28884 7200.14 0.061996 
17.9996 9.28898 7171.53 0.0721409 
18.0031 9.2893 7132.28 0.0702083 
18.0066 9.2898 7095.41 0.07143 
18.0101 9.2904 7067.93 0.0692834 
18.0134 9.29075 7045.07 0.0622127 
18.0166 9.28889 6992.48 0.103472 
18.0215 9.28513 6958.09 0.122654 
18.025 9.28492 7147.46 0.0561373 
18.0234 9.28884 7276.81 0.0785295 
18.0263 9.29107 7164.71 0.154523 
18.0345 9.29445 7123.38 0.170461 
18.0369 9.30192 7205.43 0.172566 
18.037 9.31135 7285.71 0.213669 
18.0413 9.32202 7343.12 0.218385 
18.0442 9.32808 7438.04 0.0369285 
18.0449 9.32652 7362.99 0.080313 
18.0494 9.32437 7360.97 0.117933 
18.0535 9.32429 7517.27 0.0425843 
18.0542 9.32122 7461.04 0.0770838 
18.0551 9.31917 7382.73 0.0110428 
18.0547 9.31948 7477.3 0.0178342 
18.0549 9.31814 7500.96 0.0534907 
18.0575 9.31616 7421.73 0.0651247 
18.0595 9.31471 7394.35 0.0404768 
18.0606 9.31227 7388.88 0.0662711 
18.0621 9.30982 7389.14 0.0393882 
18.063 9.30891 7394.35 0.0220692 
18.064 9.30742 7406.13 0.051504 
18.066 9.30531 7393.55 0.0573657 
18.068 9.30378 7393.03 0.0454233 
18.0699 9.30252 7390.52 0.0482282 
18.0716 9.30069 7362.75 0.0476787 
18.0728 9.2991 7323.77 0.0347934 
18.074 9.29778 7308.99 0.0363214 
18.0753 9.29647 7304.45 0.0379739 
18.0769 9.29503 7295.46 0.0493929 
18.079 9.29325 7285.04 0.0594873 
18.0814 9.29135 7271.23 0.0620936 
18.0844 9.28837 7158.83 0.121273 
18.0916 9.28484 6909.24 0.20662 
18.1041 9.28221 6731.11 0.29364 
18.1182 9.28095 6832.89 0.245115 
18.1268 9.28039 7022.7 0.125297 
18.1316 9.27627 7153.05 0.117638 
18.1357 9.27494 7218 0.0584541 
18.138 9.2741 7205.82 0.0653893 
18.1411 9.27172 7195.6 0.0811531 
18.1443 9.27003 7202.68 0.063919 
18.1468 9.26817 7225.79 0.0640477 
18.1499 9.26676 7222.55 0.0709589 
18.1534 9.26537 7198.65 0.0822713 
18.1576 9.26433 7207.8 0.0858006 
18.1617 9.26358 7214.18 0.0798146 
18.1654 9.26292 7211.19 0.0721239 
18.1689 9.26232 7220.07 0.0735979 
18.1728 9.26143 7237.13 0.0883306 
18.1774 9.26051 7255.59 0.0940368 
18.1818 9.25926 7261.92 0.0907613 
18.1863 9.25799 7265.58 0.0990953 
18.1914 9.25698 7282.18 0.106781 
18.1965 9.25575 7301.83 0.102644 
18.2015 9.25453 7319.64 0.100527 
18.2063 9.25349 7323.38 0.0962 
18.2107 9.2524 7299.36 0.086578 
18.2148 9.25154 7275.34 0.0803424 
18.2187 9.25094 7270.98 0.0788084 
18.2227 9.2503 7275.72 0.0822167 
18.2269 9.24984 7275.81 0.0882864 
18.2314 9.24961 7271.19 0.0923145 
18.2362 9.2494 7267.02 0.0992177 
18.2414 9.24923 7267.63 0.109017 
18.247 9.24911 7268.02 0.11385 
18.2527 9.24891 7266.62 0.114016 
18.2584 9.24866 7264.38 0.115888 
18.2643 9.24834 7261.54 0.117781 
18.2702 9.24781 7263.44 0.119925 
18.2763 9.24719 7269.53 0.125604 
18.2827 9.24661 7272.01 0.132447 
18.2894 9.24597 7272.4 0.136881 
18.2963 9.24543 7274.53 0.138875 
18.3032 9.24501 7275.59 0.139164 
18.3102 9.24461 7278.5 0.138686 
18.3171 9.24436 7288 0.138505 
18.324 9.24422 7297.94 0.139876 
18.3311 9.24404 7299.04 0.142139 
18.3383 9.24382 7292.66 0.14515 
18.3456 9.24363 7287.32 0.148219 
18.3531 9.24357 7283.85 0.151628 
18.3608 9.24362 7279.79 0.155603 
18.3686 9.24386 7281.1 0.15931 
18.3766 9.24476 7298.02 0.160436 
18.3841 9.24722 7323.13 0.16151 
18.3921 9.25024 7480.89 0.173981 
18.3995 9.25085 7754.25 0.106699 
18.4033 9.25296 7900.91 0.110002 
18.4094 9.25575 7785.09 0.187786 
18.4224 9.25467 7417.67 0.323247 
18.4399 9.25633 7254.23 0.355689 
18.456 9.257 7324.52 0.286187 
18.4694 9.26127 7428.67 0.278231 
18.4791 9.25986 7482.4 0.240726 
18.4858 9.2497 7423.73 0.205462 
18.4963 9.24956 7496.37 0.23425 
18.5054 9.24868 7606.41 0.171904 
18.5114 9.24258 7502.22 0.160183 
18.5219 9.24071 7643.56 0.276765 
18.5326 9.23327 7532.15 0.276108 
18.5502 9.23323 7112.14 0.56833 
18.5778 9.24725 6919.51 0.526167 
18.5946 9.24841 7018.97 0.224023 
18.6004 9.24288 7252.01 0.115019 
18.6084 9.24638 7262.94 0.280755 
18.6192 9.24953 7274.58 0.173746 
18.6264 9.24597 7142.1 0.16183 
18.6344 9.24369 7162.58 0.15815 
18.641 9.24131 7255.69 0.129371 
18.6481 9.24092 7232.03 0.177478 
18.6561 9.24771 7431.4 0.225642 
18.6564 9.24836 7728.31 0.300556 
18.6527 9.22169 7614.49 0.593674 
18.662 9.20381 7304.89 0.331945 
18.6785 9.20944 6920.65 0.33722 
18.6923 9.2119 6652.59 0.248493 
18.7031 9.20964 6640.91 0.197521 
18.7138 9.21189 6704 0.244169 
18.7242 9.21323 6740.95 0.158448 
18.7295 9.2087 6754.39 0.145095 
18.7367 9.20554 6736.99 0.17128 
18.7444 9.20619 6642 0.133097 
18.7523 9.20535 6734 0.217092 
18.7623 9.20201 6565.28 0.145807 
18.7694 9.20301 6971.23 0.147772 
18.7731 9.19777 6585.84 0.0906437 
18.7705 9.20092 6219.06 0.22972 
18.7977 9.20408 5947.98 0.801531 
18.8346 9.18938 6057.17 0.656172 
18.8529 9.18907 5791.77 0.464749 
18.8649 9.22283 5362.35 0.812933 
18.8786 9.24362 5843.73 0.347521 
18.9029 9.2206 6079.15 0.789988 
18.9333 9.21875 6214.9 0.596893 
18.9487 9.22878 6505.14 0.186115 
18.96 9.2486 6463.36 0.817277 
18.9751 9.28173 6686.12 0.4469 
18.9928 9.27759 6291.37 0.561175 
19.0134 9.26059 6668.98 0.460772 
19.0285 9.25508 7178.27 0.264581 
19.033 9.27863 6884.29 0.710212 
19.0354 9.31496 6831.46 0.643069 
19.0406 9.33605 6789.31 0.213836 
19.0451 9.3366 6712.26 0.180313 
19.0563 9.33071 6801.09 0.301428 
19.0716 9.33044 6839.78 0.287023 
19.083 9.33121 6690.54 0.178947 
19.0914 9.33619 6397.73 0.27655 
19.1006 9.35095 6187.42 0.361448 
19.1095 9.35845 5770.61 0.21888 
19.1151 9.34969 5100.71 0.124166 
19.1217 9.38122 4132.76 1.08641 
19.1504 9.41548 3458.82 1.03483 
19.2217 9.4358 2816.35 1.97005 
19.3363 9.49402 1915.05 3.02643 
19.4771 9.56794 1451.41 3.21091 
19.6185 9.63079 1180.84 2.96309 
19.7539 9.67692 807.352 2.79273 
19.8888 9.71269 485.276 2.81542 
20.029 9.74467 255.034 2.97527 
12.35 8.45 0 0.0353131 
12.3586 8.45128 0 0.373314 
12.3865 8.45406 0 0.740858 
12.4318 8.45822 0 1.07347 
12.4929 8.46362 0 1.37444 
12.5682 8.47014 0 1.64675 
12.6565 8.4777 0 1.89314 
12.7565 8.4862 0 2.11606 
12.867 8.49556 0 2.31775 
12.9871 8.50571 0 2.50022 
13.1158 8.5166 0 2.6653 
13.2524 8.52816 0 2.81464 
13.3961 8.54035 0 2.94973 
13.5461 8.55313 0 3.07193 
13.7019 8.56647 0 3.18247 
13.863 8.58033 0 3.28244 
14.0288 8.59468 4.55842 3.37289 
14.1989 8.60952 5.38301 3.45471 
14.3728 8.62481 6.37998 3.52869 
14.5503 8.64054 7.58765 3.5956 
14.7309 8.6567 9.05497 3.65609 
14.9143 8.67328 10.8414 3.71078 
15.1003 8.69027 13.0229 3.76021 
15.2887 8.70768 15.6907 3.8049 
15.4791 8.72548 18.9565 3.84528 
15.6715 8.74369 22.9561 3.88177 
15.8655 8.7623 27.8536 3.91475 
16.0611 8.7813 33.8442 3.94455 
16.258 8.80069 41.1564 3.97148 
16.4562 8.82047 57.213 3.99431 
16.6552 8.84061 129.061 3.99624 
16.8507 8.86104 680.027 3.77819 
17.007 8.87976 2212.96 2.15786 
17.0607 8.8956 998.582 0.493776 
17.0724 8.91212 458.71 0.397408 
17.0842 8.93027 664.712 0.480976 
17.1067 8.95129 1845.29 0.89355 
17.1826 8.97125 3362.41 2.31633 
17.2868 8.9966 3552.47 1.42023 
17.3173 9.00169 2377.99 0.120593 
17.3179 9.0091 2247.78 0.360831 
17.3179 9.04145 3108.99 0.780809 
17.3729 9.06249 4459.57 2.03309 
17.4707 9.11743 3399.81 2.00482 
17.5388 9.1444 2868.52 0.975125 
17.5537 9.15605 3628.03 0.297727 
17.5327 9.14699 6043.31 0.183156 
17.5763 9.1739 5640.69 1.49744 
17.6157 9.23308 3582.93 1.10704 
17.6186 9.26106 4397.87 0.323264 
17.5924 9.23672 5802.67 0.921744 
17.6057 9.22487 6734.5 0.729808 
17.6564 9.2445 6892.63 1.2504 
17.6929 9.26165 6705.29 0.348369 
17.7019 9.25659 7223.89 0.312598 
17.7121 9.23832 6681.04 0.396016 
17.7166 9.23727 6592.36 0.323495 
17.7499 9.24271 7934.77 0.865926 
17.775 9.2574 7526.23 0.281434 
17.7737 9.26528 7641.52 0.146696 
17.7813 9.26407 8468.12 0.127614 
17.7911 9.27456 8429.57 0.712025 
17.8376 9.28005 8493.28 0.825812 
17.8584 9.28265 8454.19 0.215806 
17.8667 9.28094 9014.67 0.168534 
17.8659 9.27958 8614.63 0.213387 
17.8641 9.2888 7982.87 0.452343 
17.8957 9.30327 8500.74 0.870144 
17.9319 9.31502 9983.55 0.602424 
17.952 9.32035 9845.37 0.152121 
17.9443 9.31103 8317.65 0.287217 
17.937 9.31236 7763.68 0.148008 
17.9561 9.32107 9090.11 0.745853 
17.9974 9.33217 10290.5 0.749121 
18.014 9.33653 9098.26 0.0286626 
18.007 9.33725 7732.51 0.15111 
18.0052 9.34427 7772 0.234396 
18.0328 9.35518 9568.3 0.878842 
18.0757 9.35197 10293.3 0.68705 
18.0936 9.34607 9102.2 0.128538 
18.0956 9.34904 8222.66 0.064916 
18.0951 9.34992 8330.99 0.0188953 
18.0956 9.34908 8396.01 0.0124384 
18.0912 9.34819 7868.4 0.167462 
18.0837 9.34618 7464.05 0.0873013 
18.0848 9.34668 7586.92 0.109227 
18.0898 9.34737 7449.24 0.0638969 
18.0898 9.34608 7028.46 0.0639649 
18.0862 9.34547 6870.72 0.0679466 
18.0855 9.34946 6866.93 0.109409 
18.0918 9.35145 6782.86 0.20935 
18.1048 9.35113 6713.76 0.283211 
18.1166 9.3555 6727.56 0.200595 
18.1233 9.35633 6616.8 0.117726 
18.1277 9.35185 6562.8 0.10938 
18.1344 9.35325 6654.66 0.228025 
18.1476 9.35866 6702.81 0.31248 
18.1617 9.35961 6606.15 0.226153 
18.1687 9.35902 6501.39 0.0671539 
18.1697 9.35576 6427.43 0.0953024 
18.1699 9.35186 6280.66 0.0482393 
18.1734 9.35182 6180.13 0.122468 
18.1816 9.35322 6191.67 0.196271 
18.1911 9.35331 6069.87 0.170447 
18.198 9.352 5825.09 0.108759 
18.2023 9.35234 5665.25 0.0738693 
18.2055 9.35282 5592.96 0.0688029 
18.2089 9.35 5542.27 0.108518 
18.2125 9.34538 5490.86 0.125857 
18.2185 9.34173 5476.59 0.161684 
18.2273 9.34016 5517.87 0.184003 
18.2354 9.33816 5562.17 0.146113 
18.2405 9.33473 5590.39 0.10223 
18.2447 9.33306 5626.4 0.0937886 
18.2495 9.33505 5668.92 0.123979 
18.2532 9.33903 5730.23 0.0830129 
18.2569 9.33827 5747.29 0.0819069 
18.2604 9.33478 5644.2 0.12663 
18.2671 9.33052 5622.62 0.189184 
18.277 9.32851 5743.79 0.20365 
18.2853 9.32773 5811.54 0.112223 
18.2877 9.32669 5726.28 0.0168444 
18.2878 9.32609 5669.6 0.028066 
18.2914 9.32564 5700.09 0.111132 
18.297 9.32452 5755.33 0.0973857 
18.2993 9.32189 5803.47 0.0643192 
18.299 9.31858 5837.7 0.0648805 
18.3005 9.31564 5868.88 0.0779222 
18.3041 9.31341 5912.87 0.0843562 
18.3072 9.31153 5954.79 0.058951 
18.3088 9.30931 5951 0.057233 
18.3101 9.30631 5907.81 0.0755957 
18.3118 9.30229 5883.55 0.0970667 
18.3133 9.29745 5905.41 0.101497 
18.3144 9.29278 5936.85 0.0897407 
18.3155 9.28855 5925.4 0.0880673 
18.3167 9.28416 5886.2 0.0933502 
18.3175 9.27961 5855.82 0.0906009 
18.318 9.27522 5849.85 0.0870372 
18.3191 9.27095 5855.53 0.0904363 
18.3211 9.26672 5863.72 0.0976591 
18.3237 9.26245 5881.24 0.0999958 
18.3261 9.25809 5915.48 0.100934 
18.3289 9.25382 5958.3 0.102456 
18.3323 9.25007 5998.55 0.0980597 
18.3357 9.24701 6032.34 0.0854613 
18.3387 9.24435 6056.96 0.0753157 
18.3413 9.24181 6070.46 0.0696217 
18.3435 9.23926 6077.4 0.0666546 
18.3453 9.23649 6083.45 0.0652395 
18.3466 9.2336 6087.28 0.0618177 
18.3479 9.23082 6089.12 0.0613043 
18.3496 9.22813 6089.18 0.0678802 
18.3519 9.22538 6091.45 0.0746645 
18.3545 9.22251 6101.55 0.0796644 
18.3572 9.21928 6119.7 0.0893942 
18.3602 9.21572 6150.22 0.0960707 
18.3636 9.2123 6197.85 0.0951366 
18.3671 9.20917 6253 0.0948512 
18.3707 9.20603 6304.25 0.0953206 
18.3741 9.20275 6352.4 0.0935584 
18.3773 9.19944 6400.84 0.0912 
18.3804 9.19613 6447.38 0.090051 
18.3835 9.19287 6485.91 0.0883333 
18.3865 9.18977 6513.21 0.0840849 
18.3893 9.18682 6532.17 0.0799766 
18.392 9.18391 6551.53 0.0787985 
18.3946 9.18089 6577.13 0.0802131 
18.397 9.17756 6604.2 0.0851938 
18.3995 9.17393 6627.92 0.0903992 
18.402 9.1702 6657.29 0.0884875 
18.4046 9.16646 6680.33 0.106211 
18.41 9.16075 6537.26 0.217481 
18.4213 9.15543 6495.16 0.241286 
18.4249 9.16239 7097.67 0.271886 
18.4136 9.17029 7287.52 0.242976 
18.4075 9.16531 7000.24 0.151742 
18.4135 9.15906 6776.19 0.241124 
18.4301 9.1584 6427.08 0.440086 
18.4492 9.1664 6711.39 0.305362 
18.4505 9.1747 6995.38 0.121238 
18.4496 9.17541 7025.7 0.0872686 
18.4559 9.17302 7009.66 0.129125 
18.4582 9.17002 6969.54 0.0519445 
18.46 9.16767 6965.05 0.0953089 
18.4643 9.16596 7004.9 0.0564631 
18.4649 9.16563 7044.41 0.00902635 
18.4662 9.16495 7052.06 0.0625631 
18.4694 9.16423 7024.75 0.0587026 
18.472 9.16268 6996.7 0.0710171 
18.4751 9.16056 7009.58 0.0703625 
18.4774 9.15913 7011.24 0.0417122 
18.4792 9.15744 6998.77 0.0625338 
18.4817 9.15504 6983.87 0.0675945 
18.4839 9.15301 7017.52 0.058274 
18.487 9.15095 7052.87 0.0948167 
18.4913 9.14856 7017.14 0.0883679 
18.4939 9.14664 6978.91 0.0457698 
18.4955 9.14526 6988.62 0.0430628 
18.4978 9.14455 7015.74 0.0561648 
18.5008 9.14396 7019.27 0.0676251 
18.5045 9.14276 7003.9 0.0827526 
18.5081 9.14151 6991.82 0.067837 
18.511 9.14065 6985.5 0.0541698 
18.5135 9.1396 6981.42 0.0564379 
18.5159 9.13858 6973.64 0.0459795 
18.5181 9.13808 6961.8 0.050124 
18.521 9.13767 6956.47 0.0620774 
18.524 9.13726 6953.86 0.0585931 
18.5269 9.13693 6951.66 0.0629477 
18.5303 9.1364 6962.29 0.0718457 
18.5339 9.13583 6983.22 0.0746913 
18.5378 9.13541 7001.5 0.0825251 
18.542 9.13494 7011.13 0.0832069 
18.546 9.13452 7012.14 0.0768773 
18.5498 9.13427 7017.53 0.0775439 
18.5537 9.13411 7036.87 0.0782644 
18.5577 9.13411 7057.16 0.0817417 
18.5619 9.13434 7061.69 0.0895227 
18.5664 9.13489 7058.23 0.0899879 
18.5707 9.1358 7071.93 0.085601 
18.5748 9.13693 7106.16 0.0846938 
18.5789 9.1383 7141.54 0.0865184 
18.5829 9.13997 7176.95 0.0890736 
18.5862 9.14299 7314.65 0.10775 
18.5868 9.14932 7627.76 0.0821128 
18.5896 9.15377 7552.8 0.181284 
18.5944 9.16291 7327.17 0.194678 
18.6017 9.16416 7448.8 0.0967944 
18.6024 9.16436 7451.48 0.0164616 
18.609 9.16027 7376.3 0.258021 
18.6173 9.15726 7500.96 0.080531 
18.6191 9.16027 7445.67 0.0701013 
18.6252 9.15802 7311.47 0.145685 
18.6278 9.15724 7379.36 0.0239662 
18.6289 9.15597 7367.13 0.126525 
18.6358 9.15144 7316.98 0.146186 
18.6393 9.15137 7334.44 0.0364872 
18.641 9.15143 7267.52 0.0886581 
18.6464 9.14898 7223.25 0.111913 
18.6501 9.14895 7262.57 0.0500229 
18.6531 9.1483 7232.94 0.0917133 
18.658 9.14677 7183.42 0.0959959 
18.6619 9.14749 7195.67 0.0674568 
18.6654 9.14756 7182.2 0.0873688 
18.6701 9.14671 7138.24 0.092852 
18.6741 9.14705 7134.13 0.0697711 
18.6776 9.14726 7125.58 0.0776299 
18.682 9.1471 7093.09 0.0925302 
18.6863 9.14752 7076.99 0.0788792 
18.69 9.14797 7065.39 0.0736969 
18.694 9.14797 7039.21 0.088746 
18.6985 9.14821 7032.62 0.0862127 
18.7025 9.1489 7032.06 0.0792297 
18.7066 9.14941 7011.22 0.0871523 
18.711 9.14984 7006.02 0.0841468 
18.7148 9.15075 7021.99 0.0751019 
18.7186 9.15175 7048.83 0.0826553 
18.7224 9.15243 7199.3 0.0603767 
18.724 9.15305 7501.8 0.012343 
18.7251 9.15231 7546.63 0.0521601 
18.7299 9.15374 7460.51 0.15271 
18.7364 9.15794 7412.28 0.128722 
18.7402 9.16017 7426.51 0.0610937 
18.7436 9.16028 7441.05 0.0801883 
18.7472 9.15996 7401.47 0.0614396 
18.7503 9.1607 7399.45 0.0707311 
18.7542 9.16008 7423.35 0.0844129 
18.7579 9.15878 7385.51 0.0741683 
18.7629 9.16033 7193.41 0.151425 
18.7697 9.16707 7020.42 0.218163 
18.7749 9.17508 7098.5 0.153188 
18.7807 9.17776 6922.49 0.138495 
18.7905 9.17176 7346.28 0.376835 
18.7987 9.15272 8314.26 0.366734 
18.7828 9.13316 8086.3 0.538936 
18.7888 9.11794 7613.56 0.298837 
18.7999 9.12582 7786.76 0.277093 
18.8004 9.13705 7644.95 0.160261 
18.8044 9.14215 7560.72 0.137035 
18.8113 9.13989 7814.48 0.170783 
18.8161 9.13606 7766.66 0.0669024 
18.819 9.14086 7761.86 0.134142 
18.8227 9.14319 7759.88 0.0680878 
18.8242 9.14237 7702.88 0.0215862 
18.8253 9.14496 7797.7 0.0771046 
18.8288 9.14655 7821.49 0.0668388 
18.8306 9.14826 7812.39 0.0574991 
18.8323 9.15055 7856.37 0.0633913 
18.8354 9.1512 7885.09 0.0520235 
18.837 9.15283 7930.88 0.0463576 
18.8393 9.15386 7945.39 0.0578967 
18.8416 9.15458 7951.38 0.0422957 
18.8429 9.15613 7992.27 0.0379883 
18.8452 9.15629 8030.33 0.0501067 
18.8469 9.15688 8034.84 0.0303614 
18.8473 9.15806 8021.46 0.0158678 
18.8483 9.1581 8043.05 0.0270984 
18.8496 9.15834 8083.61 0.0258703 
18.851 9.15886 8101.63 0.0404492 
18.8536 9.15941 8131.35 0.0612337 
18.8564 9.16041 8165.31 0.0540845 
18.8583 9.16153 8176.34 0.0338432 
18.8593 9.16258 8190.16 0.0268376 
18.8601 9.16365 8208.63 0.0258472 
18.8609 9.16458 8214.45 0.0239133 
18.8619 9.16526 8216.1 0.0248383 
18.863 9.16583 8221.61 0.0271537 
18.8643 9.16643 8231.48 0.0280688 
18.8656 9.16696 8247.91 0.0284317 
18.8669 9.16761 8271.19 0.0306363 
18.8683 9.16843 8287.43 0.0320687 
18.8696 9.16921 8287.5 0.0280433 
18.8706 9.16989 8287.42 0.0224552 
18.8716 9.17038 8298.9 0.0210987 
18.8726 9.17063 8307.63 0.0218951 
18.8737 9.17078 8306.39 0.0193553 
18.8746 9.17094 8311.26 0.0187303 
18.8756 9.17104 8326.55 0.0208638 
18.8766 9.17111 8335.66 0.0200219 
18.8775 9.17124 8336.11 0.0163263 
18.8782 9.17146 8341.29 0.0134696 
18.8787 9.1718 8354.89 0.0125728 
18.8791 9.17231 8364.44 0.0125001 
18.8794 9.17275 8363.28 0.00866591 
18.8798 9.17286 8363.66 0.00944106 
18.8803 9.17273 8370.17 0.0115197 
18.8809 9.17256 8375.61 0.0101431 
18.8814 9.17241 8385.76 0.0115899 
18.882 9.17249 8403.62 0.0167254 
18.8828 9.17303 8414.33 0.019362 
18.8834 9.17375 8416.1 0.0176979 
18.8839 9.17446 8424.24 0.0181701 
18.8844 9.17524 8433.76 0.0187419 
18.8849 9.17599 8431.05 0.0158932 
18.8852 9.17663 8426 0.013843 
18.8855 9.17729 8427.31 0.0143839 
18.8856 9.17802 8426.25 0.0156118 
18.8857 9.17881 8421.88 0.0163 
18.8859 9.17962 8420.61 0.0168628 
18.8862 9.18045 8419.71 0.0186199 
18.8866 9.18136 8417.17 0.0204187 
18.887 9.18233 8418.02 0.0212156 
18.8873 9.18332 8418.66 0.0210483 
18.8876 9.18429 8410.81 0.0180784 
18.8877 9.18504 8400.67 0.0121195 
18.8878 9.1855 8397.04 0.00798652 
18.8881 9.18581 8395.23 0.00906775 
18.8885 9.18614 8393.76 0.0117854 
18.889 9.18659 8396.4 0.0152181 
18.8896 9.18721 8401.29 0.0186464 
18.8901 9.18802 8407.08 0.02141 
18.8907 9.18901 8412.54 0.0238038 
18.8912 9.19013 8414.36 0.0257054 
18.8918 9.19133 8414.07 0.0268202 
18.8923 9.19261 8414.3 0.0287304 
18.8928 9.19405 8414.29 0.0322849 
18.8933 9.19569 8413.99 0.0364974 
18.8934 9.19769 8437.81 0.0477481 
18.8899 9.20102 8582.73 0.182921 
18.8811 9.20921 8428.41 0.220523 
18.8867 9.21789 7382.02 0.470259 
18.9151 9.23066 8347.77 0.67727 
18.9443 9.22088 8650.84 0.490131 
18.9583 9.22321 8434.76 0.434243 
18.9705 9.239 9111.68 0.264644 
18.9797 9.23741 9132.95 0.121424 
18.985 9.2409 9389.39 0.139616 
18.9898 9.24278 9262 0.0845493 
18.9938 9.244 9522.49 0.0728844 
18.9963 9.24478 9288.99 0.0498587 
18.9989 9.24721 9466.53 0.0749972 
19.0013 9.24823 9342.59 0.0352952 
19.0035 9.24961 9390.5 0.0766146 
19.0066 9.25189 9392.62 0.0659159 
19.0091 9.2532 9322.57 0.0567322 
19.0119 9.25426 9436.87 0.0616971 
19.0143 9.25661 9391.61 0.068602 
19.0173 9.25741 9361.62 0.0573791 
19.0197 9.25823 9413.57 0.0562223 
19.0228 9.25922 9431.48 0.0766194 
19.0265 9.25925 9386.05 0.0687158 
19.03 9.26057 9458.41 0.0831279 
19.0345 9.2603 9460.38 0.0916491 
19.0385 9.26021 9438.6 0.0738379 
19.0423 9.26082 9463.97 0.0821357 
19.0462 9.26006 9410.99 0.0701938 
19.0491 9.25927 9361.08 0.0554057 
19.0519 9.25811 9322.52 0.0647609 
19.0548 9.25654 9255.6 0.066974 
19.058 9.25468 9190.28 0.0846401 
19.0623 9.25247 9109.9 0.108353 
19.0676 9.24973 9009.4 0.133233 
19.0738 9.2453 8883.95 0.17979 
19.0816 9.22933 8520.24 0.621804 
19.0914 9.20967 8174.94 0.200471 
19.1026 9.21075 7969.46 0.293941 
19.1208 9.21004 7816.33 0.417268 
19.1408 9.21058 8385.32 0.335742 
19.1518 9.23586 9303.51 0.46153 
19.1583 9.23141 8285.44 0.602395 
19.1673 9.2007 8423.87 0.376178 
19.1774 9.20041 9015.9 0.2504 
19.184 9.20509 9476.49 0.246843 
19.1857 9.21735 8965.32 0.116779 
19.1945 9.20618 8642.4 0.386236 
19.2035 9.19844 9336.74 0.154203 
19.2086 9.20058 9401.88 0.135235 
19.212 9.20559 9151.65 0.128379 
19.2207 9.20269 9111.07 0.191439 
19.2262 9.19982 9673.31 0.0703663 
19.2302 9.19971 9441.42 0.106846 
19.2363 9.20001 9293.14 0.136113 
19.2429 9.19862 9660.78 0.11078 
19.2468 9.20033 9682.1 0.0734117 
19.2514 9.19893 9531.72 0.14962 
19.2576 9.19592 9734.76 0.107117 
19.262 9.19707 9789.96 0.0786923 
19.2659 9.19641 9739.02 0.0953972 
19.2709 9.19459 9881.12 0.109752 
19.2755 9.19454 9869.72 0.072673 
19.2789 9.19381 9884.87 0.0822748 
19.2828 9.19215 9968.8 0.0759527 
19.2861 9.19208 9959.25 0.0604655 
19.2892 9.19087 9975.89 0.0741694 
19.2925 9.18973 10042.2 0.0665127 
19.296 9.18937 10024.2 0.0771041 
19.2999 9.1885 10071 0.076315 
19.3034 9.18784 10112 0.0673828 
19.3067 9.18744 10114.5 0.070387 
19.3103 9.18678 10167.9 0.0697237 
19.3134 9.18644 10180.9 0.0583243 
19.3163 9.18624 10192.9 0.0596643 
19.3193 9.18599 10214 0.0572982 
19.3221 9.18601 10208 0.05824 
19.3251 9.18589 10236.2 0.0610418 
19.3281 9.18597 10250 0.0580215 
19.331 9.18604 10251.5 0.0578936 
19.3339 9.1863 10284.1 0.0614316 
19.3369 9.18684 10295.4 0.0582845 
19.3396 9.18721 10308.4 0.0489015 
19.342 9.18788 10301 0.0550067 
19.3447 9.18917 10270.7 0.0636201 
19.3475 9.19083 10265.6 0.0641259 
19.35 9.19275 10247.3 0.0634877 
19.3524 9.19476 10233.1 0.0613379 
19.3548 9.19683 10214.3 0.0688917 
19.3575 9.19946 10176.5 0.0789204 
19.3601 9.20249 10157 0.080576 
19.3625 9.20582 10122.9 0.0848409 
19.365 9.20941 10080.9 0.0903268 
19.3676 9.21331 10041.4 0.0959533 
19.37 9.21761 9980.2 0.10332 
19.3726 9.22251 9916.32 0.118768 
19.3753 9.2284 9835.22 0.1434 
19.3782 9.23573 9732.04 0.170758 
19.3809 9.2445 9577.48 0.199425 
19.3804 9.25695 9234.24 0.39288 
19.364 9.28446 8820.43 0.68586 
19.3559 9.30817 9126.47 0.353565 
19.3641 9.3217 8806.46 0.348072 
19.3796 9.32821 8616.74 0.26792 
19.3842 9.33782 9118.2 0.24742 
19.3864 9.34671 9146.57 0.14103 
19.3908 9.35063 9100.56 0.117969 
19.3911 9.35723 9191.6 0.123506 
19.3925 9.36245 9294.6 0.103975 
19.3952 9.36671 9132.91 0.0935766 
19.3975 9.37052 9151.54 0.1002 
19.3988 9.37636 9193.68 0.128514 
19.4004 9.38187 9150.29 0.0979251 
19.4021 9.38615 9142.57 0.0945819 
19.404 9.39082 9140.35 0.10337 
19.4061 9.3954 9136.63 0.0977599 
19.4077 9.39997 9117.53 0.0969223 
19.4097 9.40435 9130.33 0.0993423 
19.4122 9.40874 9108.98 0.0997672 
19.4139 9.41328 9101.21 0.0955026 
19.4158 9.41773 9106.91 0.0984716 
19.4179 9.42214 9088.75 0.0957037 
19.42 9.42645 9075.09 0.0980198 
19.4219 9.43111 9073.86 0.101436 
19.4243 9.43554 9072.83 0.0997929 
19.4264 9.43998 9048.45 0.0978682 
19.4283 9.44447 9038.33 0.0975624 
19.4303 9.44896 9027.71 0.0982784 
19.4322 9.45336 9005.01 0.0941823 
19.4344 9.4576 8981.2 0.097008 
19.4366 9.46204 8960.3 0.100461 
19.4389 9.46652 8944.59 0.100827 
19.4412 9.47097 8931.43 0.099312 
19.4437 9.4753 8919.14 0.102218 
19.4462 9.47986 8896.03 0.103802 
19.4486 9.48433 8878.05 0.100782 
19.4513 9.48866 8863.79 0.102764 
19.4539 9.49317 8843.88 0.106714 
19.4566 9.49781 8825.72 0.107461 
19.4595 9.50234 8809.3 0.106874 
19.4625 9.5068 8792.36 0.10834 
19.4655 9.51137 8778.78 0.110015 
19.4686 9.51593 8766.65 0.110929 
19.4719 9.52043 8753.74 0.112426 
19.4753 9.52498 8740.13 0.113856 
19.4786 9.52965 8728.05 0.116551 
19.4821 9.5344 8713.03 0.119702 
19.4858 9.53922 8698.3 0.121118 
19.4894 9.54408 8686.61 0.122695 
19.4932 9.549 8673.11 0.124782 
19.4971 9.5539 8659.36 0.126142 
19.5012 9.55878 8647.1 0.127862 
19.5053 9.5637 8635.38 0.129885 
19.5096 9.56865 8626.29 0.132195 
19.5141 9.57367 8620.44 0.136404 
19.5187 9.57881 8615.8 0.141056 
19.5236 9.58408 8614.99 0.145929 
19.5286 9.58963 8612.41 0.154143 
19.5337 9.59594 8559.52 0.174824 
19.5372 9.60627 8141.53 0.298666 
19.5364 9.62472 7729.86 0.393146 
19.5406 9.64221 7707.96 0.34526 
19.5482 9.65761 7763.03 0.339169 
19.5576 9.67119 7627.8 0.329571 
19.5666 9.68554 7342.41 0.359147 
19.5734 9.70241 7261.29 0.350679 
19.5829 9.71559 7269.5 0.300865 
19.591 9.72748 7192.19 0.281422 
19.5984 9.7392 6991.43 0.27294 
19.6059 9.75088 6880.35 0.289449 
19.6145 9.76358 6767.63 0.320842 
19.6226 9.77739 6620.67 0.316185 
19.63 9.79138 6438.45 0.321483 
19.6382 9.80585 6226.53 0.342158 
19.6469 9.82076 6079.22 0.346673 
19.6565 9.8352 5919.34 0.348118 
19.666 9.85004 5740.43 0.358496 
19.6761 9.86545 5557.16 0.378848 
19.6873 9.88124 5389.72 0.394244 
19.6986 9.89776 5238.89 0.408068 
19.7107 9.91463 5058.43 0.420676 
19.724 9.93072 4888.79 0.403087 
19.7377 9.94225 4794.99 0.316121 
19.7514 9.94768 4720.87 0.382907 
19.8251 9.95857 3735.52 2.46086 
19.9692 10.0202 3240.28 3.91162 
20.0959 10.2523 9489.64 6.60874 
12.35 8.45 0 0.256363 
12.3723 8.4493 0 0.631969 
12.4126 8.4503 0 0.974283 
12.4691 8.45286 0 1.28441 
12.5404 8.45682 0 1.56513 
12.6249 8.46206 0 1.81918 
12.7215 8.46848 0 2.04906 
12.829 8.47598 0 2.25705 
12.9463 8.48447 0 2.44523 
13.0726 8.49386 0 2.61548 
13.2069 8.5041 0 2.7695 
13.3485 8.51511 0 2.90883 
13.4966 8.52685 0 3.03486 
13.6508 8.53927 0 3.14886 
13.8103 8.55233 0 3.25196 
13.9747 8.56599 0 3.34521 
14.1435 8.5802 4.55612 3.42902 
14.3162 8.59488 5.11084 3.50398 
14.4925 8.61001 5.75941 3.57166 
14.672 8.62556 6.52443 3.63278 
14.8543 8.6415 7.43339 3.68793 
15.0393 8.65779 8.51942 3.73769 
15.2266 8.67443 11.9923 3.78259 
15.416 8.69141 14.0512 3.82329 
15.6073 8.70874 16.5795 3.86002 
15.8003 8.72639 19.6938 3.89315 
15.9949 8.74433 23.5514 3.92304 
16.1909 8.76252 28.658 3.94994 
16.3881 8.78094 40.7135 3.97281 
16.5861 8.79951 154.032 3.96566 
16.7732 8.81783 2180.06 3.17061 
16.8182 8.82908 2219 1.2586 
16.7367 8.82662 300.699 1.59447 
16.6749 8.82561 1328.73 0.650885 
16.7254 8.83447 2462.86 2.96752 
16.9174 8.83924 596.358 4.17682 
17.1159 8.84501 1554.08 3.50009 
17.2321 8.87044 2011.06 1.25829 
17.2589 8.88553 1051.55 0.266894 
17.2589 8.89515 1125.72 0.172661 
17.2648 8.90205 3082.7 0.866621 
17.3361 8.92129 5499.83 1.57159 
17.3634 8.90699 3560.43 0.810691 
17.3273 8.87155 2402.64 1.05435 
17.2933 8.84195 2484.32 0.694259 
17.2848 8.83232 3635.43 0.778994 
17.341 8.86647 5803.99 1.45091 
17.3867 8.89288 5684.59 0.552107 
17.3743 8.89573 4286.93 0.912808 
17.3222 8.86703 2899.24 1.23128 
17.2728 8.85391 2782.99 0.87745 
17.2349 8.87265 3987.63 0.738277 
17.2408 8.87708 6399.58 0.788881 
17.2829 8.87993 4385.13 0.708199 
17.3183 8.85336 3415.92 1.28827 
17.3829 8.80079 4061.19 1.76228 
17.3962 8.75431 4942.68 0.62157 
17.3588 8.7508 4729.79 0.908543 
17.304 8.74307 4181.75 1.12287 
17.269 8.74773 4216.64 0.380879 
17.2934 8.7699 3870.18 1.07293 
17.3485 8.78404 4169.97 1.17839 
17.4007 8.78496 4677.93 0.868936 
17.4392 8.77784 4798.66 0.793204 
17.4814 8.77953 5040.48 0.72685 
17.5122 8.79076 5342.12 0.654818 
17.5375 8.80778 5786.72 0.486189 
17.5565 8.80607 6127.45 0.335429 
17.5701 8.80107 6581.19 0.305285 
17.5816 8.78727 6498.52 0.384268 
17.5907 8.7792 6658.85 0.182295 
17.6092 8.7994 7850.3 0.899983 
17.6475 8.81515 7880.21 0.590065 
17.6652 8.81193 6805.26 0.214536 
17.6712 8.8071 6362.84 0.0856768 
17.6744 8.80835 7292.81 0.16411 
17.6834 8.81725 7843.33 0.29917 
17.6939 8.82381 7760.26 0.183552 
17.703 8.81918 7282.98 0.304928 
17.712 8.80916 6863.39 0.117851 
17.713 8.81292 6816.29 0.236898 
17.7216 8.82795 6932.98 0.423464 
17.7391 8.84043 6913.2 0.417069 
17.7525 8.84544 6999.86 0.120217 
17.752 8.84578 7099.78 0.0829015 
17.7493 8.84421 7212.14 0.00389936 
17.7549 8.84782 7534.92 0.273805 
17.7707 8.85325 7694.04 0.331844 
17.7816 8.85653 7442.71 0.111624 
17.7812 8.86066 7063.59 0.0978311 
17.7798 8.86364 6874.15 0.0392351 
17.7807 8.86611 7038.46 0.0769996 
17.7822 8.87186 7284.65 0.165922 
17.7898 8.87921 7266.13 0.255048 
17.8016 8.88452 7141.89 0.240677 
17.8105 8.88941 7218.1 0.171891 
17.8166 8.89399 7372.48 0.134112 
17.8223 8.8961 7436.03 0.116435 
17.8273 8.8959 7503.72 0.07479 
17.8296 8.89664 7544.94 0.0498175 
17.8317 8.89934 7418.2 0.0853697 
17.8357 8.90329 7172.39 0.144443 
17.8438 8.90592 7129.57 0.19461 
17.8517 8.90417 7296.24 0.0933009 
17.8539 8.90716 7354.02 0.158617 
17.8597 8.91469 7217.57 0.209577 
17.8683 8.91437 7292.72 0.107209 
17.87 8.91621 7586.64 0.142108 
17.8741 8.92444 7500.63 0.181625 
17.8789 8.92772 7464.68 0.0495414 
17.8805 8.92856 7670.24 0.0547962 
17.8844 8.92837 7717.69 0.0790291 
17.8868 8.92981 7625.56 0.0715877 
17.887 8.93399 7524.77 0.0809992 
17.8865 8.93806 7570.3 0.098392 
17.885 8.94349 7724.06 0.108932 
17.8849 8.94761 7744.4 0.0604097 
17.8846 8.95034 7737.49 0.0577796 
17.8836 8.95265 7873.52 0.0388181 
17.8843 8.95477 7980.79 0.0601881 
17.885 8.95818 7938.47 0.0788116 
17.8834 8.96191 7871.32 0.0812337 
17.881 8.96432 7855.59 0.0507373 
17.8793 8.9654 7919.45 0.0386346 
17.8764 8.96594 8019.91 0.084093 
17.8722 8.96581 8004.73 0.0693051 
17.8698 8.96586 7909.65 0.0374381 
17.8681 8.96726 7845.07 0.0542685 
17.8659 8.96997 7817.44 0.087407 
17.8633 8.9738 7743.43 0.0854225 
17.8607 8.97591 7691.77 0.0538691 
17.8584 8.97659 7744.42 0.0368415 
17.8566 8.97639 7741.13 0.0363202 
17.8567 8.97814 7474.82 0.0792997 
17.863 8.97982 7341.77 0.173283 
17.8713 8.97889 7407.74 0.138127 
17.8765 8.97883 7487.57 0.0803489 
17.878 8.98067 7617.66 0.0249646 
17.8755 8.97995 7682.15 0.066076 
17.8756 8.97917 7549.83 0.0763785 
17.8811 8.98128 7529.03 0.11966 
17.8845 8.98282 7683.39 0.033085 
17.886 8.98348 7720.8 0.0507469 
17.8886 8.98577 7659.59 0.0790625 
17.8901 8.9886 7696.03 0.0464173 
17.8906 8.99021 7772.36 0.0259338 
17.8915 8.99128 7765.38 0.0298864 
17.8917 8.9924 7837.47 0.0217832 
17.8901 8.99283 7974.43 0.0403928 
17.8892 8.99323 7892.04 0.0201959 
17.8913 8.99471 7739.53 0.0765971 
17.8941 8.99713 7760.17 0.0569939 
17.8951 8.9983 7848.69 0.013648 
17.8963 8.99855 7826.5 0.0435263 
17.899 8.99947 7820.82 0.0583109 
17.9009 9.00033 7883.17 0.0254169 
17.9013 9.00118 7889.42 0.0221815 
17.9012 9.00245 7857.77 0.0259017 
17.9012 9.00361 7860.25 0.0234184 
17.9012 9.00502 7851 0.0332021 
17.9006 9.00666 7797.42 0.0340508 
17.9 9.00788 7765.31 0.0197321 
17.9007 9.00891 7773.34 0.0361202 
17.9022 9.01045 7769.28 0.0467133 
17.9037 9.01226 7749.88 0.0476694 
17.9057 9.01394 7726.79 0.0566326 
17.9083 9.01502 7665.16 0.0577228 
17.9115 9.01481 7562.89 0.0731226 
17.916 9.01489 7478.73 0.112516 
17.9222 9.01707 7467.78 0.139685 
17.9274 9.02068 7506.39 0.111129 
17.931 9.02412 7537.86 0.0898365 
17.9347 9.02558 7585.42 0.0710286 
17.9378 9.02462 7626.14 0.0657756 
17.9411 9.02332 7589.6 0.0829993 
17.9459 9.0226 7541.13 0.101805 
17.9503 9.02104 7595.21 0.0833741 
17.9535 9.01961 7645.23 0.065066 
17.9573 9.0187 7592.59 0.0926748 
17.9629 9.01832 7536.39 0.135436 
17.9703 9.0187 7530.73 0.149718 
17.9772 9.01935 7532.72 0.13037 
17.9836 9.02026 7525.54 0.128796 
17.9901 9.02087 7530.11 0.131428 
17.9965 9.021 7529.92 0.125485 
18.0026 9.02075 7513.48 0.11702 
18.0082 9.02062 7501.39 0.11077 
18.0138 9.02088 7504.58 0.112268 
18.0195 9.0209 7491.36 0.116144 
18.0253 9.02032 7451.82 0.117638 
18.0311 9.01909 7417.9 0.12069 
18.0372 9.01788 7403.94 0.125195 
18.0434 9.01707 7398.36 0.125302 
18.0496 9.01607 7394.08 0.126478 
18.056 9.0147 7386.52 0.137538 
18.0629 9.01293 7369.96 0.143439 
18.0696 9.01067 7347.87 0.140341 
18.0762 9.00819 7323.19 0.146071 
18.0835 9.00565 7294.79 0.159888 
18.0913 9.00315 7266.81 0.165876 
18.0993 9.00088 7243.63 0.167832 
18.1076 8.99868 7227.35 0.177053 
18.1165 8.99655 7218.21 0.188505 
18.1259 8.99479 7213.4 0.193854 
18.1355 8.99338 7206.47 0.194865 
18.1452 8.99212 7192.37 0.193613 
18.1548 8.99092 7172.05 0.194719 
18.1645 8.9895 7155 0.201182 
18.1746 8.98777 7147.68 0.207825 
18.1849 8.98591 7146.72 0.209309 
18.1952 8.98412 7143.01 0.206475 
18.2053 8.98262 7134.39 0.20193 
18.2151 8.98145 7127.85 0.194163 
18.2246 8.98076 7135.53 0.184173 
18.2334 8.9811 7170.52 0.171954 
18.2416 8.98461 7301.29 0.207522 
18.2475 8.99132 7660.86 0.0978695 
18.2478 8.99316 7980.14 0.0535738 
18.2471 8.99564 7967.2 0.0485042 
18.252 8.99458 7738.44 0.141309 
18.2573 8.99351 7733.81 0.0579779 
18.2582 8.99311 7882.98 0.055354 
18.2596 8.9889 7814.75 0.0917624 
18.2621 8.9877 7696.28 0.0380959 
18.2631 8.98828 7703.51 0.0171473 
18.2644 8.98803 7715.46 0.0337235 
18.2659 8.98806 7699.29 0.0235075 
18.2669 8.98758 7700.68 0.0201525 
18.2683 8.98834 7692.02 0.0455773 
18.2701 8.98936 7651.8 0.0321466 
18.2718 8.99009 7620.79 0.0464691 
18.2749 8.99083 7629.58 0.0780695 
18.2792 8.9908 7621.09 0.0894093 
18.2838 8.9916 7601.54 0.096565 
18.2888 8.99279 7609.72 0.112951 
18.2945 8.99404 7621.94 0.117995 
18.3006 8.99487 7597.89 0.130864 
18.3069 8.99607 7681.85 0.115882 
18.3114 8.99826 7813.52 0.0933629 
18.316 9.00241 7820.8 0.170521 
18.323 9.01286 7512.64 0.348999 
18.3272 9.03427 7224 0.486985 
18.3326 9.05385 7275.73 0.268694 
18.3378 9.0584 7651.01 0.0606665 
18.3396 9.0564 8384.74 0.0552834 
18.3441 9.05648 8403.68 0.118615 
18.3483 9.06122 8172.07 0.173324 
18.352 9.06862 8497.22 0.153041 
18.361 9.06934 8483.47 0.179913 
18.3659 9.07089 8688.74 0.0323098 
18.3629 9.06931 9017.83 0.128281 
18.3599 9.06493 8879.36 0.0507804 
18.3581 9.06671 8721.68 0.0798168 
18.3565 9.06832 8861.11 0.0336572 
18.3542 9.06689 8899.87 0.0727697 
18.3516 9.06823 8782.43 0.0405727 
18.3522 9.06918 8904.65 0.0122616 
18.35 9.07039 8840.71 0.0645714 
18.349 9.07084 8842.02 0.0440624 
18.3482 9.06883 8946.11 0.0208543 
18.3497 9.07219 8807.82 0.113064 
18.3535 9.06989 8856.64 0.253337 
18.3513 9.04698 8963.72 0.45018 
18.3488 9.03702 9279.6 0.0292861 
18.3478 9.04135 9165.39 0.121528 
18.346 9.04852 8511 0.175798 
18.3515 9.05679 8579.86 0.210167 
18.3567 9.05755 9054.42 0.0807162 
18.3534 9.05247 8984.93 0.100346 
18.3519 9.0516 9054.09 0.0281521 
18.3491 9.05188 8917.72 0.0733556 
18.3472 9.05282 8811.49 0.0397289 
18.3476 9.0545 8955.05 0.0234596 
18.3449 9.05419 9023.82 0.0691157 
18.3429 9.05464 8882.64 0.0202564 
18.3432 9.05463 8800.33 0.0277662 
18.3423 9.05301 8831.02 0.0293829 
18.3416 9.05285 8867.99 0.00998113 
18.3409 9.05238 8818.41 0.0255087 
18.3403 9.05166 8810 0.00658515 
18.3403 9.05201 8795.46 0.012762 
18.3404 9.05215 8749.13 0.0115419 
18.3402 9.05113 8742.63 0.0224878 
18.3399 9.05056 8746.59 0.00606835 
18.3394 9.05064 8731.56 0.0137627 
18.3386 9.05043 8720.48 0.017954 
18.3379 9.04997 8709.53 0.0160875 
18.3372 9.04954 8670.2 0.0170556 
18.3363 9.04929 8634.76 0.0200774 
18.3355 9.04914 8635.65 0.0117856 
18.3352 9.04897 8658.24 0.00289195 
18.3355 9.04897 8667.31 0.00928441 
18.3361 9.04924 8664.25 0.0173818 
18.337 9.04947 8657.43 0.0189845 
18.3377 9.04958 8634.14 0.00770604 
18.3377 9.0498 8603.17 0.0113753 
18.337 9.0502 8589.97 0.0194903 
18.336 9.05054 8580.38 0.0220226 
18.3348 9.05082 8557.67 0.0247027 
18.3337 9.05121 8541.83 0.0222059 
18.3329 9.05162 8539.52 0.0123465 
18.3327 9.05197 8541.87 0.00762706 
18.3328 9.05244 8553.65 0.0112115 
18.3329 9.05295 8564.46 0.00937432 
18.3331 9.05328 8556.33 0.00535808 
18.3332 9.05352 8545.99 0.00540664 
18.3332 9.05382 8553.24 0.00627153 
18.3332 9.05411 8565.3 0.00532201 
18.3332 9.05433 8570.74 0.00354785 
18.3332 9.05443 8570.35 0.000937654 
18.3332 9.05445 8570.89 0.000382921 
18.3333 9.0545 8572.15 0.00410246 
18.3335 9.05462 8576.6 0.00650468 
18.3338 9.05475 8587.36 0.00598729 
18.3341 9.05481 8598 0.00645923 
18.3345 9.0549 8586.63 0.0114258 
18.3354 9.05495 8556.98 0.0229703 
18.3366 9.05478 8579.92 0.023307 
18.3374 9.05487 8599.24 0.0133264 
18.3381 9.05521 8604.13 0.0164953 
18.339 9.05533 8616.49 0.0208752 
18.3401 9.05558 8619.07 0.0249991 
18.3413 9.05586 8631.33 0.0227331 
18.3424 9.05616 8629.05 0.023831 
18.3435 9.05686 8625.15 0.025009 
18.3444 9.05752 8641.52 0.0216108 
18.3454 9.05823 8648.89 0.0285685 
18.3466 9.05912 8649.87 0.0279126 
18.3476 9.05991 8654.38 0.0282157 
18.349 9.06084 8658.02 0.0353431 
18.3505 9.06181 8661.52 0.0356183 
18.352 9.06277 8661.47 0.0389731 
18.3539 9.06373 8668.75 0.042896 
18.3561 9.06384 8680.85 0.0509991 
18.3586 9.06349 8651.98 0.0500365 
18.3611 9.06553 8575.43 0.0865844 
18.3641 9.06933 8521.81 0.0996873 
18.3679 9.07223 8536.85 0.0848245 
18.371 9.07447 8700.71 0.097833 
18.3726 9.08115 8593.84 0.156981 
18.3759 9.08734 8384.29 0.138137 
18.3831 9.08956 8505.92 0.150633 
18.3886 9.09225 8560.95 0.115544 
18.3909 9.09792 8532.27 0.121839 
18.3939 9.10304 8573.36 0.117371 
18.3974 9.10708 8645.05 0.0960945 
18.3992 9.11103 8794.94 0.078814 
18.4002 9.11416 8780.35 0.0556619 
18.4013 9.11793 8744.52 0.116651 
18.4012 9.12366 9030.34 0.0934519 
18.3992 9.1272 9103.24 0.0826081 
18.3981 9.13149 8931.05 0.0831559 
18.402 9.13395 8851.61 0.149137 
18.4099 9.13382 8968.8 0.122844 
18.4118 9.13691 9036.54 0.113598 
18.4101 9.14107 9182.59 0.0361829 
18.4122 9.14164 9319.55 0.0598551 
18.4137 9.14351 9370.74 0.05787 
18.4136 9.14623 9411.26 0.0512517 
18.415 9.15018 9501.32 0.123757 
18.4135 9.15674 9864.32 0.130336 
18.4101 9.15772 9870.19 0.0462493 
18.4152 9.15589 9593.53 0.194417 
18.4254 9.15622 9613.27 0.167465 
18.4296 9.15641 9778.23 0.0198277 
18.4286 9.15804 9928.18 0.0340017 
18.4282 9.15841 9819.11 0.00473379 
18.4288 9.15878 9783.03 0.0119665 
18.4291 9.15883 9663.19 0.0227296 
18.4315 9.16082 9506.92 0.0941645 
18.4358 9.15874 9624.93 0.115707 
18.4354 9.15311 9823.97 0.105088 
18.4311 9.15196 9716.58 0.066192 
18.4302 9.15527 9194.42 0.102535 
18.4337 9.1612 9057.26 0.206891 
18.4346 9.16804 10416.6 0.293876 
18.4156 9.15647 10134.3 0.365178 
18.4114 9.15476 9240.82 0.154856 
18.4233 9.15679 9065.23 0.234647 
18.4301 9.15828 8593.28 0.147814 
18.4367 9.16713 8832.97 0.275475 
18.4475 9.171 9364.82 0.139399 
18.4511 9.17083 9319.76 0.0449915 
18.4544 9.16939 9183.81 0.106711 
18.461 9.16703 9063.77 0.200447 
18.4744 9.16643 8948.04 0.299971 
18.4857 9.1698 9034.11 0.150444 
18.4849 9.17723 9669.9 0.0676931 
18.4822 9.17006 9522.33 0.166117 
18.4903 9.17129 9196.11 0.384831 
18.5091 9.18087 8673.89 0.378842 
18.5243 9.16675 8608.54 0.424415 
18.5362 9.16363 9103.17 0.318194 
18.5427 9.1719 8770.6 0.0691891 
18.5415 9.17701 8884.96 0.129789 
18.5478 9.1775 8941.71 0.253647 
18.5545 9.17535 8988.23 0.140529 
18.5569 9.18497 9123.95 0.196256 
18.5689 9.18652 8759.1 0.253851 
18.5772 9.1863 9114.98 0.0955202 
18.5816 9.18742 9028.02 0.138267 
18.5867 9.19353 8922.57 0.136408 
18.5927 9.19408 9031.06 0.130243 
18.5989 9.19576 9036.68 0.142022 
18.6036 9.20034 9044.2 0.113858 
18.6081 9.20325 9071.89 0.106489 
18.6129 9.20515 9045.52 0.0978737 
18.6175 9.20759 9095.39 0.117327 
18.6233 9.21002 9131.6 0.124425 
18.6282 9.21273 9112.69 0.105214 
18.6328 9.21562 9154.81 0.118405 
18.6388 9.21685 9169.61 0.11565 
18.6433 9.21954 9149.17 0.107132 
18.6475 9.22287 9135.69 0.103918 
18.6518 9.22507 9191.19 0.0877923 
18.6555 9.22767 9225.1 0.0996659 
18.6599 9.23089 9230.39 0.116192 
18.6642 9.23464 9270.47 0.10731 
18.6683 9.23758 9284.32 0.0984427 
18.6726 9.2398 9338.23 0.0951779 
18.6764 9.24288 9379.37 0.101808 
18.6801 9.24647 9380.75 0.103479 
18.6835 9.25021 9446.27 0.0979838 
18.6865 9.25403 9508.97 0.0974418 
18.6896 9.2578 9551.94 0.097148 
18.6923 9.26188 9618.77 0.0976029 
18.6949 9.26588 9660.63 0.0921575 
18.6975 9.2694 9699.8 0.0847673 
18.7 9.27284 9737.04 0.0871088 
18.7025 9.27653 9772.5 0.0890642 
18.7043 9.28067 9813.97 0.0937353 
18.7106 9.28502 9355.64 0.25571 
18.7244 9.29223 8693.58 0.302646 
18.7327 9.29566 9013.13 0.049637 
18.7352 9.3004 9648.78 0.255625 
18.751 9.31232 9806.06 0.470015 
18.7732 9.31574 9911.63 0.408157 
18.7873 9.31384 9870.34 0.163336 
18.7905 9.31151 10297.7 0.050094 
18.7947 9.32115 9354.3 0.341989 
18.8073 9.33517 8770.15 0.376354 
18.8171 9.34781 8712.56 0.236364 
18.8264 9.35062 9225.14 0.222877 
18.8402 9.34941 9161.81 0.320034 
18.8541 9.34565 8928.3 0.208072 
18.8557 9.34026 9053.72 0.133117 
18.8581 9.3341 9361.1 0.16072 
18.8645 9.34493 9125.27 0.45704 
18.8653 9.36718 8481.94 0.360454 
18.8756 9.37986 9267.29 0.371162 
18.8935 9.37979 9671.73 0.359488 
18.9073 9.37407 9423.05 0.242816 
18.9195 9.38362 9181.34 0.372424 
18.9347 9.39554 9339.4 0.376425 
18.9444 9.40374 10251.4 0.309471 
18.9476 9.41583 8426.08 0.253736 
18.9691 9.40722 9372.34 0.482936 
18.9839 9.41975 8480.83 0.319539 
18.9896 9.42514 8731.12 0.208677 
19.0035 9.43242 8822.06 0.375404 
19.0158 9.44178 8374.82 0.275359 
19.0293 9.45084 8271.17 0.361502 
19.0404 9.46381 8053.25 0.338033 
19.0463 9.4803 7865.96 0.33357 
19.0526 9.49524 8023.94 0.353599 
19.058 9.51404 7633.54 0.383954 
19.0648 9.52962 7699.43 0.322515 
19.0699 9.54588 7710.03 0.340076 
19.0743 9.55968 7719.94 0.251554 
19.0804 9.57064 7680.64 0.252466 
19.0863 9.5812 7625.69 0.230648 
19.0916 9.59099 7657.41 0.208889 
19.0969 9.59864 7696.99 0.171979 
19.1022 9.60617 7606.31 0.199824 
19.1089 9.61365 7569.04 0.195697 
19.1151 9.62093 7633.33 0.192669 
19.1198 9.62914 7501.41 0.179792 
19.1255 9.63585 7489.53 0.178979 
19.1313 9.64323 7478 0.194051 
19.1371 9.65092 7445.72 0.189575 
19.1427 9.65815 7372.34 0.173731 
19.1479 9.66476 7323.38 0.170211 
19.1533 9.67228 7265.82 0.202597 
19.1593 9.68073 7208.16 0.204309 
19.1649 9.68904 7204.54 0.201724 
19.1694 9.69876 7130.26 0.229058 
19.1738 9.71049 7074.58 0.282148 
19.1747 9.73023 6967.04 0.659349 
19.1707 9.76899 6832.66 0.675583 
19.179 9.78513 7174.35 0.289183 
19.1946 9.78688 7200.47 0.342577 
19.2101 9.79576 7058.65 0.318971 
19.2199 9.79794 7227.72 0.0870098 
19.2237 9.79992 7269.24 0.138442 
19.2318 9.80498 7434.12 0.208668 
19.2369 9.81193 7496.38 0.128197 
19.2423 9.81557 7482.39 0.15733 
19.2482 9.8229 7496.02 0.204616 
19.2567 9.82773 7443.49 0.217529 
19.2654 9.83378 7401.28 0.245132 
19.2691 9.84445 7463.02 0.155567 
19.274 9.84811 7517.4 0.134999 
19.2802 9.85524 7348.56 0.234427 
19.2884 9.86285 7387.15 0.200894 
19.2953 9.86892 7386.36 0.182821 
19.302 9.87635 7269.44 0.216528 
19.3098 9.88482 7188.98 0.251886 
19.3162 9.90054 6604.31 0.48881 
19.3207 9.9299 6518.19 0.581165 
19.3337 9.94385 7022.92 0.39465 
19.3536 9.94123 6659.23 0.351554 
19.3701 9.94449 6696.37 0.346291 
19.3866 9.94635 7010.84 0.299585 
19.3955 9.95963 6632.68 0.306334 
19.4056 9.96642 6794.53 0.232961 
19.415 9.97243 6855.22 0.227238 
19.4248 9.97535 6634.64 0.255096 
19.4361 9.97294 6657.88 0.180852 
19.443 9.97982 6551.67 0.196792 
19.4521 9.98236 6549.5 0.186688 
19.4593 9.98559 6460.8 0.156085 
19.4667 9.98877 6335.54 0.186579 
19.4762 9.98969 6347.03 0.182576 
19.4847 9.99236 6230.09 0.183647 
19.4948 9.99246 6150.65 0.208361 
19.5047 9.99488 6119.84 0.208667 
19.5146 9.99797 6003.79 0.206816 
19.5253 9.99877 5920.07 0.224962 
19.5372 10.0001 5790.97 0.251223 
19.5496 10.0013 5660.84 0.248705 
19.5626 10.0015 5520.54 0.272231 
19.5765 10.0022 5308.13 0.279249 
19.5907 10.0024 5100.91 0.301507 
19.607 10.0013 4849.04 0.346754 
19.6249 10.0001 4551.37 0.371562 
19.6537 10.0125 5003.46 1.22888 
19.6709 10.0801 5947.47 1.29058 
19.6763 10.0957 4317.67 0.76501 
19.7016 10.0325 2680.39 1.72811 
19.7613 9.95609 1580.78 2.15836 
19.8545 9.88629 877.415 2.47876 
19.9705 9.83052 547.442 2.6647 
20.1023 9.79725 345.633 2.79219 
12.35 8.45 0 0.135748 
12.3623 8.45695 0 0.465328 
12.3935 8.46487 0 0.818014 
12.4418 8.47365 0 1.14128 
12.5056 8.48322 0 1.43487 
12.5834 8.4935 0 1.70096 
12.6739 8.50442 0 1.94192 
12.7759 8.51593 0 2.16006 
12.8883 8.52798 0 2.35749 
13.0101 8.54053 0 2.53616 
13.1403 8.55354 0 2.69784 
13.2783 8.56698 0 2.84412 
13.4232 8.58083 0 2.97647 
13.5744 8.59505 0 3.09621 
13.7313 8.60961 2.38308 3.20454 
13.8933 8.62445 2.81219 3.30255 
14.06 8.63955 3.32664 3.39121 
14.2309 8.65489 3.94563 3.47141 
14.4057 8.67047 7.06682 3.54406 
14.5838 8.68632 8.42191 3.60986 
14.7651 8.70243 10.068 3.66941 
14.9492 8.71879 12.0691 3.72334 
15.1359 8.73538 14.503 3.7722 
15.3249 8.75221 17.4628 3.81651 
15.516 8.76924 21.0626 3.85673 
15.709 8.78647 25.438 3.89332 
15.9037 8.80388 30.7453 3.92668 
16.1 8.82145 37.1639 3.95724 
16.2978 8.83917 47.928 3.98513 
16.4968 8.85702 87.2246 4.00272 
16.6942 8.87483 824.673 3.81656 
16.8021 8.88454 4813.54 0.904031 
16.6841 8.88861 379.026 2.67101 
16.5681 8.8944 1214.98 1.7611 
16.58 8.90515 3070.12 2.84873 
16.7732 8.93502 372.127 4.29167 
16.9796 8.96567 1240 3.84431 
17.1053 9.0035 2823.34 0.997158 
17.0968 9.00427 1076.26 0.789313 
17.0539 8.99407 645.642 0.856903 
17.0285 8.98392 2100.52 0.197836 
17.12 8.98905 2680.19 3.48969 
17.2952 9.01566 2955.97 2.80546 
17.37 9.02515 2460.41 0.400987 
17.3564 9.02279 2141.11 0.596675 
17.3486 9.0238 5088.91 0.993033 
17.4507 9.05758 4816.5 2.28162 
17.498 9.06005 3982.31 0.723944 
17.4557 9.02442 3208 1.03021 
17.4467 9.02228 4102.48 0.778873 
17.5246 9.0433 4859.27 2.04803 
17.6034 9.05547 6851.01 0.836031 
17.6158 9.0474 6606.26 0.0615894 
17.6164 9.05986 5501.1 0.40301 
17.6085 9.06819 5574.22 0.0809906 
17.6219 9.069 5790.95 0.521615 
17.6399 9.07978 6614.08 0.294796 
17.6725 9.08957 7362.87 1.06643 
17.6979 9.10825 6616.05 0.334738 
17.6655 9.10768 5928.59 0.426388 
17.6853 9.10906 6844.28 1.16574 
17.7444 9.11196 6819.02 0.812921 
17.7595 9.10498 6568 0.10573 
17.7547 9.10561 6465.27 0.227812 
17.7359 9.11097 5660.08 0.525786 
17.7194 9.10966 4951.28 0.0251485 
17.7458 9.11258 5040.75 0.964351 
17.7993 9.10545 5820.95 1.04709 
17.8405 9.09477 6684.48 0.618997 
17.8609 9.09924 6442.06 0.332423 
17.871 9.11221 5960.78 0.289964 
17.8859 9.11568 6362.76 0.42718 
17.9162 9.113 6859.27 0.762054 
17.949 9.11641 6709.27 0.411926 
17.9552 9.12083 6511.03 0.102227 
17.9524 9.12504 6495.9 0.110797 
17.9539 9.12758 6935.36 0.154254 
17.9665 9.12417 7109.27 0.313655 
17.9789 9.1272 6843.17 0.203515 
17.986 9.13239 6415.97 0.188613 
17.9944 9.13776 6309.93 0.175104 
17.9911 9.14315 6659.63 0.254936 
17.974 9.14183 6865.47 0.335828 
17.9649 9.14465 6770.75 0.137155 
17.9689 9.15354 6724.11 0.239779 
17.9748 9.16391 6454.02 0.22457 
17.9803 9.17145 6363.59 0.150704 
17.9867 9.17537 6720.07 0.176424 
17.9958 9.17906 6764.29 0.174965 
18.0001 9.17908 6552.7 0.0463191 
17.9993 9.17576 6662.95 0.080489 
18.0007 9.17099 6860.7 0.116769 
18.0031 9.16683 6845.49 0.063197 
18.007 9.16863 6772.6 0.145199 
18.0141 9.17353 6766.52 0.186717 
18.0234 9.17605 6869.4 0.201443 
18.0334 9.17946 7012.98 0.219177 
18.0424 9.18515 7074.96 0.198106 
18.0486 9.19105 7132.49 0.145686 
18.0506 9.19761 7244.48 0.146364 
18.0495 9.20528 7372.63 0.155275 
18.0481 9.21204 7467.43 0.11723 
18.0497 9.2171 7484.39 0.12477 
18.0563 9.22131 7399.76 0.178094 
18.0634 9.22535 7310.16 0.137887 
18.0668 9.22975 7290.27 0.097103 
18.0673 9.23435 7337.07 0.0867965 
18.0677 9.23801 7415.58 0.0612294 
18.0693 9.24065 7439.96 0.0741616 
18.0728 9.24419 7484.52 0.126102 
18.0779 9.24961 7595.94 0.168642 
18.0834 9.2567 7672.26 0.18859 
18.0883 9.26503 7705.49 0.192966 
18.0926 9.27322 7747.64 0.17556 
18.0965 9.2805 7776.2 0.15495 
18.099 9.28712 7798.69 0.12727 
18.0992 9.29274 7880.49 0.103185 
18.0973 9.29776 7961.61 0.116395 
18.0958 9.30325 7911.43 0.121414 
18.0987 9.3102 7826.64 0.180683 
18.1046 9.31759 7847.4 0.203604 
18.1121 9.32425 7945.57 0.180348 
18.1193 9.32917 7964.83 0.208095 
18.122 9.33685 8114.65 0.192602 
18.1192 9.34073 7994.62 0.120146 
18.1346 9.34438 8206.41 0.38096 
18.1454 9.34834 8169.41 0.129685 
18.1552 9.35152 8006.06 0.248157 
18.1614 9.35338 8190.03 0.0533162 
18.1578 9.35825 8335.06 0.15108 
18.1642 9.36599 8304.99 0.236308 
18.1702 9.37012 8305.1 0.052913 
18.1703 9.37294 8325.75 0.0912742 
18.1758 9.37809 8208.88 0.177249 
18.1798 9.38311 8141.39 0.0990666 
18.1813 9.38897 8163.13 0.159226 
18.1862 9.39634 8121.01 0.163194 
18.1903 9.40088 8089.08 0.0976353 
18.1955 9.40299 8161.36 0.130519 
18.2009 9.40627 8189.96 0.122295 
18.2051 9.4119 8124.89 0.168554 
18.2118 9.41876 8078.4 0.201229 
18.2185 9.42447 8051.02 0.144784 
18.2222 9.42964 8017.69 0.12253 
18.2246 9.43553 7982.29 0.13033 
18.2271 9.44149 7989.04 0.130364 
18.2299 9.44775 8068.72 0.146113 
18.2332 9.45575 8057.67 0.210214 
18.2406 9.46571 7888.01 0.280305 
18.2535 9.47349 7713.39 0.310069 
18.2623 9.48665 7638.77 0.348486 
18.2672 9.50253 7579.61 0.307405 
18.2805 9.51065 7790.02 0.355775 
18.2943 9.51074 8320.51 0.110412 
18.2919 9.51431 8265.85 0.139292 
18.2993 9.52158 7851.28 0.3603 
18.3138 9.53512 7633.44 0.398791 
18.3265 9.54682 7695.77 0.305358 
18.3356 9.55329 7966.47 0.146704 
18.3394 9.55797 8163.75 0.143071 
18.3473 9.56186 8100.68 0.184976 
18.3543 9.56598 8000.23 0.137961 
18.3586 9.56995 7981.61 0.100593 
18.3624 9.57322 7999.2 0.106396 
18.366 9.57745 7946.51 0.111938 
18.3702 9.58188 7756.34 0.14855 
18.3773 9.58854 7632.08 0.234323 
18.3861 9.59572 7769.13 0.192757 
18.3919 9.60036 7860.79 0.126811 
18.3994 9.60311 7831.39 0.205405 
18.4106 9.60441 7840.96 0.225962 
18.4196 9.60392 7958.12 0.124094 
18.4251 9.60319 7946.38 0.129297 
18.4329 9.6026 7893.36 0.164382 
18.4404 9.60306 7871.61 0.138065 
18.4473 9.6034 7896.49 0.144402 
18.4548 9.60395 7929.83 0.155609 
18.4626 9.60499 7945.14 0.155978 
18.4701 9.6052 7935.21 0.146194 
18.4775 9.60492 7920.01 0.147719 
18.4846 9.60527 7903.82 0.135787 
18.4913 9.60589 7886.36 0.137584 
18.4981 9.60619 7873.4 0.13418 
18.5051 9.60647 7825.12 0.149874 
18.5131 9.60642 7791.44 0.164046 
18.5211 9.60572 7768.47 0.160402 
18.5295 9.60471 7733.43 0.177743 
18.5387 9.60353 7698.74 0.193549 
18.5484 9.60189 7654.73 0.197555 
18.5581 9.59979 7578.88 0.198437 
18.5679 9.59603 7551.65 0.246227 
18.5787 9.5856 7563.71 0.336214 
18.5915 9.57674 7523.75 0.282802 
18.6045 9.57784 7493.89 0.249208 
18.6129 9.5822 7341.85 0.125448 
18.6208 9.58235 7279.46 0.244995 
18.6353 9.58149 7430.74 0.264915 
18.6427 9.58122 7563.36 0.0499036 
18.6456 9.5808 7551.61 0.117167 
18.6542 9.58254 7458.92 0.194901 
18.6617 9.58296 7522.36 0.108513 
18.6667 9.58137 7548.59 0.118019 
18.6733 9.58135 7495.72 0.137083 
18.6795 9.58266 7483.56 0.115189 
18.6855 9.58345 7513.11 0.140218 
18.6935 9.58334 7535.56 0.169443 
18.7015 9.58351 7508.59 0.143385 
18.708 9.58363 7498.78 0.127036 
18.7148 9.58338 7515.71 0.142754 
18.722 9.58368 7500.11 0.142909 
18.7291 9.58418 7453.32 0.146166 
18.7367 9.58429 7420.62 0.15724 
18.7445 9.58406 7381.53 0.151966 
18.7521 9.58417 7349.45 0.15589 
18.7601 9.58437 7322.89 0.161006 
18.7682 9.58451 7280.03 0.166803 
18.7767 9.58506 7227.82 0.170916 
18.7852 9.58602 7176.3 0.171236 
18.7937 9.58714 7129.27 0.171438 
18.8022 9.58818 7079.08 0.170725 
18.8108 9.58942 7033.08 0.177842 
18.8198 9.59103 6987.12 0.188342 
18.829 9.59329 6947.93 0.188802 
18.8368 9.60021 6952.73 0.285603 
18.8429 9.61125 6818.89 0.204592 
18.8574 9.6091 6416.52 0.38699 
18.8774 9.61457 6444.43 0.489041 
18.8907 9.62726 6579.09 0.210692 
18.9031 9.62294 6052.92 0.37494 
18.9278 9.62482 6150.5 0.557734 
18.9498 9.61325 6560.21 0.858392 
18.9577 9.56359 6220.7 0.793311 
18.961 9.55135 6238.69 0.300054 
18.9705 9.57793 5736.96 0.725745 
19.0132 9.59201 5363.13 1.06006 
19.0721 9.59106 4554.84 1.32613 
19.1206 9.61509 4429.03 1.03274 
19.1341 9.66121 5665.65 0.740603 
19.1363 9.64305 7710.46 1.47664 
19.1484 9.59903 8012.68 0.404922 
19.1568 9.61906 8322.27 0.242135 
19.1649 9.60095 7783.24 0.284777 
19.1722 9.61518 7651 0.132918 
19.1731 9.61346 7823.86 0.142588 
19.183 9.61083 8043.7 0.251346 
19.1866 9.60098 8380.39 0.053367 
19.1905 9.60763 8050.77 0.158607 
19.1931 9.60832 8075.76 0.056376 
19.1938 9.60656 8241.51 0.0244747 
19.1946 9.60619 8165.19 0.0235468 
19.1964 9.60582 8338.45 0.0810476 
19.1998 9.60251 8384.53 0.0675458 
19.202 9.60475 8269.77 0.0529656 
19.2033 9.60315 8303.56 0.0894487 
19.2051 9.60206 8363.91 0.0639618 
19.2058 9.60527 8378.28 0.0255995 
19.2068 9.60407 8410.48 0.057606 
19.2091 9.60328 8474.13 0.0505609 
19.2111 9.60461 8447.77 0.0386632 
19.2124 9.60464 8464.25 0.0277134 
19.2133 9.60424 8483.97 0.0202843 
19.2141 9.60582 8447.14 0.0385627 
19.2154 9.60643 8497.76 0.0331433 
19.2171 9.60615 8536.14 0.0380765 
19.219 9.60689 8513.95 0.0413824 
19.2212 9.60713 8541.31 0.0482267 
19.2236 9.60785 8569.67 0.0519803 
19.2252 9.60978 8559.63 0.0466208 
19.2266 9.61124 8567.3 0.0392371 
19.2286 9.61231 8581.75 0.0506423 
19.231 9.61321 8569.9 0.0496475 
19.2334 9.61353 8554.7 0.04788 
19.2359 9.6138 8536.05 0.0531041 
19.2387 9.6141 8502.63 0.0595674 
19.2419 9.6141 8472.47 0.0683919 
19.2453 9.61424 8464.97 0.0694218 
19.2487 9.61496 8458.63 0.0702532 
19.2522 9.61587 8441.69 0.071503 
19.2557 9.61701 8412.65 0.079291 
19.2596 9.61863 8358.31 0.0854548 
19.2635 9.62039 8270.47 0.089402 
19.2678 9.62235 8140.45 0.0984009 
19.2709 9.62659 7960.23 0.118753 
19.2724 9.63278 7820.43 0.130713 
19.2736 9.63885 7803.95 0.111749 
19.2758 9.64296 7927.21 0.0785294 
19.2794 9.64385 7912.97 0.175749 
19.2809 9.65324 7463.49 0.555695 
19.2772 9.68408 6929.49 0.518649 
19.2936 9.6986 6498.41 0.504771 
19.3377 9.69858 4947.37 1.39387 
19.4125 9.67109 4255.64 1.65054 
19.4696 9.66212 5943.15 0.488223 
19.4717 9.69359 5881.65 0.86735 
19.468 9.72373 5631.47 0.235955 
19.4696 9.72864 6103.41 0.313135 
19.4927 9.74188 5927.49 0.559123 
19.5034 9.75117 6454.92 0.180759 
19.5015 9.7633 6464.29 0.299755 
19.5122 9.77315 6460.97 0.202184 
19.5125 9.78223 6812.5 0.262557 
19.5181 9.79511 6551.54 0.313178 
19.5254 9.80241 6755.31 0.225407 
19.5811 9.82527 4584.96 2.03549 
19.7396 9.91733 5607.98 7.60826 
19.8624 10.3522 3721.87 9.64217 
19.8677 10.4725 4262.16 5.11046 
19.8815 10.1812 411.966 5.84331 
19.9259 9.90491 501.547 5.35829 
20.0073 9.66547 1396.09 4.64093 
12.35 8.45 0 0.0347759 
12.3618 8.45129 0 0.434016 
12.3926 8.4541 0 0.795839 
12.4405 8.45827 0 1.12324 
12.504 8.46368 0 1.41947 
12.5815 8.47022 0 1.6875 
12.6717 8.4778 0 1.93 
12.7734 8.48631 0 2.14941 
12.8855 8.49569 0 2.34792 
13.0071 8.50587 0 2.52751 
13.1371 8.51678 0 2.68998 
13.2749 8.52837 0 2.83696 
13.4196 8.54061 2.37741 2.96998 
13.5706 8.55351 2.81165 3.09035 
13.7273 8.56704 3.32771 3.19925 
13.8891 8.58117 6.3001 3.29774 
14.0557 8.59583 7.48208 3.38681 
14.2264 8.611 8.90363 3.46738 
14.4009 8.62668 10.6137 3.54028 
14.5788 8.64285 12.6706 3.60622 
14.7599 8.65952 15.1437 3.6659 
14.9438 8.6767 18.1149 3.7199 
15.1302 8.69437 21.6798 3.7688 
15.3189 8.71257 25.9492 3.81308 
15.5096 8.73128 31.0491 3.8532 
15.7022 8.75053 37.1201 3.8896 
15.8966 8.7703 44.314 3.92263 
16.0924 8.79061 52.7872 3.95265 
16.2896 8.81144 65.8948 3.97965 
16.488 8.83275 100.952 3.99681 
16.6861 8.85445 272.093 3.95052 
16.8745 8.87626 942.993 3.51587 
17.0191 8.89739 1396.03 2.24696 
17.1043 8.91759 741.643 1.42193 
17.1638 8.93694 946.595 1.04511 
17.1821 8.95372 2201.42 0.590629 
17.1151 8.96065 1961.52 1.64168 
17.11 8.96878 4218.38 2.31263 
17.2569 8.9935 3803.5 2.25191 
17.2665 9.02036 1869.33 1.27125 
17.2016 9.04322 1098.87 1.22993 
17.1885 9.0589 3804.15 1.32104 
17.3271 9.08507 4486.17 3.01815 
17.3651 9.10864 3666.16 1.51396 
17.2924 9.1561 2245.34 1.6401 
17.2551 9.20766 2768.24 0.77285 
17.3168 9.22314 4109.94 2.33596 
17.4419 9.24547 5960.56 1.7223 
17.4361 9.2455 5487.54 1.09186 
17.4041 9.24598 3964.52 0.298925 
17.4434 9.25591 4416.8 1.72118 
17.528 9.26193 7225.16 0.91798 
17.521 9.26833 5602.77 0.777887 
17.4924 9.28746 4151.71 0.660278 
17.4991 9.32282 4483.63 0.856491 
17.5166 9.35667 5242.92 0.476889 
17.5366 9.3511 6543.19 1.0234 
17.5959 9.35615 6992.69 1.23292 
17.6246 9.3854 5671.27 0.404455 
17.6156 9.39116 5333.13 0.26907 
17.6085 9.38869 5612.9 0.00950676 
17.6244 9.38743 6745.91 0.658594 
17.6672 9.3916 7556.94 0.870198 
17.706 9.38955 7102.59 0.57425 
17.7144 9.39262 6831.39 0.316591 
17.7003 9.41032 6679.83 0.441357 
17.717 9.42704 6901.82 0.789261 
17.7529 9.42925 7851.05 0.664826 
17.7839 9.42707 7881.88 0.477903 
17.7939 9.43735 7257.59 0.249729 
17.7904 9.44617 7157.7 0.10569 
17.8004 9.45076 7425.92 0.473572 
17.8303 9.44882 8317.34 0.685343 
17.8573 9.44525 8476.37 0.379043 
17.872 9.45621 7973.32 0.323204 
17.8812 9.46207 7582.21 0.224771 
17.8973 9.45862 7878.28 0.410557 
17.917 9.44823 8359.84 0.452202 
17.9379 9.44482 8070.94 0.437056 
17.9555 9.45277 7682.94 0.244758 
17.9586 9.45097 7300.36 0.129522 
17.9497 9.44769 7112.08 0.218232 
17.9424 9.44209 7256.24 0.171399 
17.9441 9.43495 7133.16 0.105898 
17.9485 9.43589 6932.12 0.112696 
17.9538 9.43744 6968.79 0.125111 
17.9589 9.43924 6928.04 0.12617 
17.9608 9.44664 6891.54 0.149831 
17.9646 9.45251 7185.68 0.159401 
17.9721 9.45858 7314.52 0.208351 
17.9779 9.46465 7074.33 0.0987399 
17.9805 9.46473 6961.58 0.0668037 
17.9862 9.46511 7215.52 0.182063 
17.9976 9.47006 7370.96 0.30075 
18.012 9.47668 7338.98 0.317304 
18.0248 9.48334 7416.7 0.254195 
18.0338 9.49051 7548.74 0.211853 
18.0414 9.49688 7469.33 0.190821 
18.0497 9.50242 7391.68 0.21779 
18.0594 9.50986 7431.35 0.264835 
18.0693 9.51853 7493.34 0.255065 
18.0795 9.5256 7471.61 0.248743 
18.0914 9.53114 7433.86 0.27738 
18.1047 9.53554 7447.25 0.275699 
18.1179 9.53841 7494.13 0.268014 
18.1307 9.54208 7549.81 0.259135 
18.1411 9.54561 7555.76 0.167417 
18.1473 9.54643 7542.86 0.10345 
18.1537 9.54625 7591.51 0.17108 
18.1641 9.54709 7680.57 0.228551 
18.175 9.54758 7751.58 0.201947 
18.185 9.54831 7869.26 0.212567 
18.1961 9.55124 7998.97 0.234437 
18.2062 9.55448 8083.79 0.184631 
18.2142 9.55768 8125.09 0.175807 
18.222 9.56247 8094.98 0.177687 
18.228 9.56689 8086.5 0.12057 
18.2324 9.57026 8133.96 0.11476 
18.237 9.5749 8139.35 0.14585 
18.2418 9.581 8155.68 0.164286 
18.2482 9.58718 8254.65 0.193082 
18.2569 9.59227 8368.83 0.2043 
18.2658 9.59606 8415.54 0.179168 
18.2734 9.59948 8376.22 0.152846 
18.279 9.60294 8272.21 0.108229 
18.2821 9.60586 8185.66 0.0656092 
18.284 9.60768 8168.34 0.0441915 
18.2863 9.6084 8156.95 0.0591457 
18.2903 9.60883 8098.96 0.105612 
18.2962 9.61035 8067.25 0.133821 
18.3025 9.61299 8111.45 0.135596 
18.3086 9.61555 8168.22 0.127648 
18.3142 9.61791 8166.12 0.114083 
18.3191 9.62081 8153.08 0.117023 
18.3242 9.62427 8203.22 0.130698 
18.3298 9.628 8289.21 0.137404 
18.3355 9.63206 8337.51 0.143659 
18.3415 9.63634 8316.37 0.151104 
18.3479 9.64044 8243.31 0.148868 
18.3541 9.64401 8166.13 0.137813 
18.3598 9.64736 8117.42 0.124656 
18.3646 9.65075 8102.26 0.110846 
18.3686 9.65402 8117.32 0.0997586 
18.3724 9.65723 8160.61 0.10067 
18.3766 9.66059 8211.83 0.114181 
18.3815 9.66424 8271.77 0.134317 
18.3875 9.66891 8373.57 0.168883 
18.3932 9.6754 8437.41 0.172818 
18.3975 9.68282 8433.22 0.170102 
18.4013 9.69017 8536.66 0.15695 
18.4033 9.6974 8726.77 0.147064 
18.404 9.70435 9002.8 0.127878 
18.4036 9.70999 9223.77 0.100918 
18.4022 9.71369 9017.73 0.0527733 
18.4031 9.7156 8964.98 0.0446942 
18.4038 9.71669 9053.42 0.0213069 
18.4017 9.71713 9043.09 0.0558861 
18.3992 9.71771 9076.07 0.045006 
18.3972 9.71828 9039.01 0.0388718 
18.3955 9.71888 9005.6 0.0296757 
18.3944 9.71951 9002.59 0.0236543 
18.3935 9.72052 8974.4 0.0325489 
18.3924 9.72168 8949.62 0.0280893 
18.3915 9.72255 8947.2 0.0247139 
18.3905 9.72354 8926.64 0.0325275 
18.3891 9.72456 8896.26 0.035426 
18.3877 9.72566 8873.4 0.0351618 
18.3868 9.72707 8843.82 0.0293073 
18.3861 9.72798 8839.94 0.0167264 
18.3856 9.72831 8840.44 0.00902956 
18.3853 9.72851 8817.8 0.00471295 
18.3853 9.72864 8798.09 0.00367452 
18.3856 9.72877 8791.84 0.00990393 
18.3861 9.72914 8790.66 0.0132451 
18.3864 9.72979 8783.48 0.0160287 
18.3866 9.73068 8776 0.0210624 
18.3871 9.73179 8784.53 0.0268218 
18.3879 9.73301 8800.63 0.031997 
18.3889 9.73426 8797.38 0.0305953 
18.3897 9.7354 8791.9 0.0245054 
18.3901 9.73625 8809.03 0.0128301 
18.3901 9.73668 8836.61 0.00586688 
18.39 9.73688 8855.96 0.00455495 
18.3898 9.7369 8863.12 0.00471959 
18.3896 9.73668 8881.15 0.00759985 
18.3895 9.73612 8909.34 0.0158249 
18.3893 9.73512 8934.87 0.0245781 
18.389 9.73375 8958.03 0.0312456 
18.3886 9.73207 8979.22 0.038239 
18.3881 9.73005 8987.4 0.0441837 
18.3877 9.7279 8977.68 0.0423055 
18.3872 9.72594 8961.9 0.0390583 
18.3866 9.72407 8937.69 0.0394418 
18.386 9.72225 8911.51 0.036612 
18.3854 9.72067 8898.38 0.0323586 
18.3845 9.71929 8893.57 0.0325518 
18.3837 9.71782 8889.7 0.0341471 
18.383 9.71627 8888.28 0.0351464 
18.382 9.71472 8886.73 0.0382945 
18.3811 9.7131 8875.58 0.0406296 
18.3813 9.71112 8816.66 0.0482279 
18.3831 9.70901 8723.28 0.0628697 
18.3859 9.70729 8649.59 0.0659678 
18.3887 9.70621 8610.09 0.0634227 
18.391 9.70497 8586.64 0.0468527 
18.393 9.70382 8594.84 0.0319228 
18.3943 9.70393 8573.98 0.0309923 
18.3953 9.70236 8605.12 0.0247289 
18.3964 9.70189 8561.2 0.046738 
18.4002 9.6955 8391.88 0.346796 
18.3968 9.65796 8335.03 1.03736 
18.3946 9.63362 8650.87 0.14155 
18.4024 9.64502 8902.78 0.216966 
18.4074 9.64723 9208.82 0.0634268 
18.4089 9.65506 8783.88 0.220076 
18.4165 9.66147 8760.56 0.168033 
18.4208 9.66192 9361.91 0.0445762 
18.4222 9.65839 9372.67 0.0953942 
18.4229 9.6551 9404.95 0.025989 
18.4224 9.65533 9641.39 0.00975113 
18.4212 9.65384 9674.1 0.0708653 
18.4182 9.65158 9719.08 0.0750489 
18.4152 9.65034 9719.22 0.0498323 
18.4135 9.64906 9687.35 0.0419236 
18.4113 9.64821 9715.23 0.0497889 
18.4094 9.64705 9770.39 0.047044 
18.4079 9.64553 9813.99 0.0361099 
18.4061 9.64539 9766.09 0.0380475 
18.404 9.64436 9710.42 0.0575856 
18.4011 9.64273 9737.75 0.0725514 
18.398 9.64135 9793.45 0.0590705 
18.396 9.63997 9796.78 0.0434104 
18.3943 9.63851 9752.17 0.0494839 
18.392 9.63681 9738.38 0.0601526 
18.3897 9.63517 9776.9 0.0527445 
18.3877 9.63379 9823.13 0.0439264 
18.3866 9.63208 9819.09 0.039854 
18.3857 9.63043 9763.16 0.0361048 
18.3842 9.62902 9724.42 0.04838 
18.3819 9.62755 9728.92 0.0591119 
18.3791 9.62642 9753.02 0.0597677 
18.3764 9.62571 9764.38 0.0523887 
18.3742 9.62515 9767.23 0.0355183 
18.3729 9.62484 9790.21 0.0200098 
18.372 9.62477 9810.6 0.0171029 
18.3711 9.62498 9813.39 0.0230451 
18.3705 9.62503 9732.13 0.0431821 
18.3724 9.62475 9538.41 0.10044 
18.3761 9.62412 9449.05 0.0873405 
18.3801 9.62768 9674.25 0.0625806 
18.3813 9.62694 9767.29 0.227634 
18.377 9.62545 10041.6 0.268772 
18.3738 9.63108 10181.9 0.195822 
18.3658 9.62279 10126.3 0.0753368 
18.3633 9.62932 10124.4 0.11107 
18.3609 9.62681 9885.64 0.102798 
18.3646 9.63243 9573.05 0.154159 
18.369 9.63025 9538.79 0.216768 
18.3717 9.63135 9700.78 0.063435 
18.3743 9.6306 9674.51 0.229796 
18.3763 9.63311 9873.2 0.193584 
18.3731 9.63031 10201.7 0.032405 
18.3712 9.63347 9879.26 0.225752 
18.3715 9.63049 9900.3 0.223345 
18.3692 9.63327 10272.4 0.0366973 
18.3694 9.63623 9812.14 0.142695 
18.3728 9.63471 9677.87 0.240916 
18.3721 9.63376 10249.7 0.0773051 
18.3714 9.63635 9992.88 0.147691 
18.3726 9.63175 9807.02 0.217931 
18.3711 9.63446 10321.7 0.0461378 
18.3691 9.63827 10119.2 0.111045 
18.37 9.63493 9646.69 0.145243 
18.3709 9.6352 9947.22 0.0217487 
18.3693 9.63734 10209.8 0.149665 
18.3695 9.63655 9822.56 0.0475827 
18.3724 9.63686 9948.47 0.0988103 
18.3726 9.63722 10319.7 0.0692801 
18.3728 9.63783 10057.9 0.0915251 
18.3747 9.63869 10025 0.0789209 
18.3745 9.63916 10157.8 0.0640959 
18.3738 9.63976 10053.5 0.0610442 
18.373 9.6405 10078.2 0.0598465 
18.3704 9.64074 10189.6 0.0570513 
18.3684 9.64187 10230.8 0.0260775 
18.367 9.64247 10218 0.0503699 
18.3645 9.64313 10267.9 0.0440383 
18.3638 9.64315 10196.8 0.022753 
18.365 9.64413 10090.6 0.0200855 
18.3651 9.64416 10120.3 0.00773739 
18.3651 9.64449 10119 0.0169789 
18.3657 9.64513 10110.4 0.0137992 
18.3658 9.64554 10112.5 0.00689208 
18.3664 9.64601 10128 0.0280083 
18.3678 9.64693 10117.4 0.0305302 
18.3685 9.64771 10080.1 0.0149373 
18.3693 9.6482 10082 0.0244519 
18.3704 9.64903 10080.7 0.026521 
18.371 9.64982 10060.8 0.0164805 
18.3718 9.65044 10063.3 0.0248196 
18.373 9.65132 10057.3 0.0311833 
18.374 9.6522 10029.8 0.0246307 
18.3751 9.6529 10017.6 0.0281626 
18.3764 9.65378 10005.1 0.0324848 
18.3776 9.65472 9979.78 0.0277533 
18.3787 9.65549 9967.07 0.028041 
18.38 9.65629 9961.53 0.0341595 
18.3816 9.65719 9950.27 0.0371214 
18.3833 9.658 9941.67 0.0398827 
18.3852 9.65883 9931.52 0.0434635 
18.3872 9.65975 9910.14 0.0436469 
18.3891 9.66069 9885.03 0.0410556 
18.3909 9.66165 9862.36 0.0395282 
18.3926 9.6627 9837.07 0.0400293 
18.3943 9.6638 9814.15 0.0410235 
18.396 9.66491 9791.63 0.0426347 
18.3979 9.66605 9763.32 0.0451676 
18.3999 9.66725 9732.03 0.0474447 
18.402 9.66848 9702.17 0.0491956 
18.4041 9.66975 9668.97 0.0511314 
18.4064 9.67109 9633.97 0.0531335 
18.4087 9.67253 9600.31 0.0554899 
18.4111 9.67405 9564.02 0.0586374 
18.4136 9.67568 9524.62 0.0616245 
18.4162 9.6775 9484.25 0.0656707 
18.4189 9.67978 9444.86 0.0812409 
18.4216 9.6844 9465.76 0.137078 
18.423 9.69166 9499.3 0.142723 
18.4248 9.69706 9414.05 0.0953008 
18.4295 9.69917 9352.91 0.11216 
18.4343 9.69988 9292.02 0.0777618 
18.4374 9.70133 9269.72 0.0679498 
18.4395 9.70381 9283.52 0.0553218 
18.441 9.70539 9203.67 0.038817 
18.4427 9.70702 9128.81 0.0559907 
18.4444 9.70894 9107.98 0.0407076 
18.4457 9.7102 9023.94 0.038849 
18.4474 9.71175 8931.24 0.0512192 
18.4491 9.71348 8881.43 0.0465045 
18.451 9.71535 8813 0.0613402 
18.4533 9.71749 8752.39 0.0612118 
18.4555 9.71918 8698.07 0.0507131 
18.4578 9.72082 8619.46 0.0636472 
18.4604 9.7229 8560 0.0667607 
18.4628 9.72506 8505.14 0.0645349 
18.4655 9.72718 8436.05 0.0714606 
18.4683 9.72928 8379.43 0.0675039 
18.4708 9.73141 8321.35 0.0672819 
18.4736 9.73368 8254.33 0.0758331 
18.4766 9.73597 8191.9 0.0750323 
18.4796 9.73819 8136.01 0.0762852 
18.4829 9.74042 8079.3 0.081522 
18.4862 9.74273 8015.91 0.0788263 
18.4892 9.74514 7951.07 0.0765397 
18.4922 9.74765 7896.41 0.0786435 
18.4952 9.75021 7847.93 0.077404 
18.4981 9.75283 7817.09 0.0828145 
18.5015 9.75594 7829.47 0.0880969 
18.5033 9.75812 7809.21 0.0321255 
18.5052 9.75912 7713.02 0.0755866 
18.5102 9.76069 7639.82 0.119276 
18.5142 9.76367 7635.31 0.0738804 
18.5153 9.76591 7597.12 0.0392451 
18.5186 9.76887 7552.43 0.147879 
18.5228 9.77401 7690.4 0.0841682 
18.5229 9.77609 7761.23 0.0187666 
18.5253 9.77703 7652.62 0.0899535 
18.53 9.77863 7564.79 0.0924114 
18.5328 9.78065 7553.15 0.0524369 
18.5343 9.78233 7550.48 0.0411168 
18.5364 9.78334 7525.96 0.0541036 
18.5391 9.78459 7499.38 0.0585321 
18.5413 9.7857 7448.41 0.0434791 
18.5438 9.78619 7357.91 0.069018 
18.5491 9.78498 7189.65 0.158052 
18.5548 9.78109 7185.76 0.0869081 
18.552 9.77898 7283.97 0.0662912 
18.5539 9.78133 7232.95 0.1677 
18.5637 9.78326 6949.3 0.204841 
18.5767 9.78102 6558.4 0.342577 
18.5962 9.77851 6590.94 0.401193 
18.6116 9.7802 6663.68 0.186949 
18.6126 9.78304 6948.28 0.0927808 
18.6083 9.78149 7333.49 0.0495378 
18.6088 9.78219 7350.31 0.0663208 
18.6125 9.78304 7176.45 0.0884288 
18.6158 9.78139 7086.97 0.0421621 
18.6162 9.78129 7248.37 0.0162442 
18.6162 9.78231 7302.1 0.0200065 
18.6162 9.78261 7269.89 0.0103059 
18.6169 9.78188 7309.39 0.030509 
18.6186 9.78193 7296.96 0.0335384 
18.6198 9.78197 7315.46 0.0157989 
18.6205 9.78177 7318.61 0.0172885 
18.6214 9.78158 7371.61 0.0166073 
18.6223 9.78161 7397.81 0.0210614 
18.6233 9.78146 7389.76 0.0212906 
18.6244 9.78101 7430.44 0.0276205 
18.6259 9.78069 7460.87 0.0303715 
18.6271 9.78024 7492.63 0.0203008 
18.6281 9.7799 7527.65 0.0238564 
18.6295 9.77953 7581.01 0.0363748 
18.6312 9.77903 7618.15 0.0314375 
18.6325 9.77855 7599.08 0.0220438 
18.6329 9.77782 7608.91 0.0163191 
18.632 9.77717 7633.81 0.0275691 
18.631 9.77663 7680.1 0.0140251 
18.631 9.77627 7729.4 0.00814036 
18.6318 9.77623 7737.2 0.0243197 
18.6333 9.77602 7753 0.0310342 
18.6343 9.77561 7787.9 0.0133528 
18.6346 9.77522 7845.79 0.0081128 
18.6349 9.77487 7925.63 0.011944 
18.6354 9.77454 7985.04 0.0124866 
18.636 9.77414 8030.84 0.0169011 
18.6368 9.77359 8086.87 0.0185737 
18.6372 9.77276 8161.01 0.0211772 
18.6375 9.77157 8263.71 0.027518 
18.6378 9.76991 8405.31 0.0436146 
18.6388 9.7658 8787.62 0.146845 
18.6381 9.75793 9456.06 0.186896 
18.6313 9.75326 9687.67 0.0785462 
18.6344 9.75433 9601.5 0.162676 
18.6398 9.75625 9438.65 0.0216017 
18.6432 9.74737 9151.37 0.337225 
18.6502 9.74336 8628.95 0.189034 
18.6515 9.76855 7698.95 0.842625 
18.6527 9.80697 7011.66 0.578745 
18.6854 9.8139 6136.28 1.19813 
18.745 9.76356 6485.28 1.96882 
18.7774 9.72609 8287.02 1.11534 
18.7793 9.75706 7224.69 0.261039 
18.7737 9.77129 6514.53 0.796559 
18.7958 9.81244 7398.27 0.677349 
18.8177 9.79234 7980.33 0.623924 
18.8276 9.79792 9211.67 0.434144 
18.8284 9.79097 8601.27 0.374135 
18.8315 9.79241 8498.75 0.292125 
18.8326 9.79775 8409.42 0.0348777 
18.8363 9.79967 8700.63 0.11526 
18.8391 9.79543 8849.12 0.124131 
18.8401 9.79745 9039.19 0.138915 
18.8418 9.79853 8831.83 0.0666156 
18.8452 9.80012 8910.64 0.113997 
18.8469 9.80173 8936 0.00452168 
18.8475 9.80436 8910.76 0.0729486 
18.8508 9.80309 9116.24 0.119821 
18.8552 9.80189 8963.71 0.0938452 
18.858 9.80208 9065.01 0.0543956 
18.86 9.80151 9116.75 0.069391 
18.8628 9.80257 9133.61 0.0541516 
18.8647 9.80055 9104.01 0.0418865 
18.8667 9.80036 9122.85 0.0422036 
18.8688 9.79924 9029.37 0.0543073 
18.8703 9.79713 9162.68 0.0423374 
18.8724 9.79636 9086.24 0.0739895 
18.8778 9.79429 9054.35 0.150539 
18.8841 9.79157 9039.23 0.107606 
18.8879 9.79007 8990.88 0.0819943 
18.8904 9.78514 8728.62 0.146943 
18.8942 9.77267 8091.55 0.383831 
18.9032 9.75738 8408.65 0.235557 
18.9121 9.76143 8624.81 0.224018 
18.9213 9.75999 8110.96 0.288176 
18.9333 9.75127 8101.99 0.264825 
18.9475 9.75842 8877.49 0.374327 
18.9457 9.77558 8982.55 0.196607 
18.9447 9.76366 8016.19 0.568302 
18.9578 9.74139 8008.84 0.361013 
18.9675 9.74439 9176.89 0.155837 
18.9611 9.74897 9181.14 0.149261 
18.9604 9.74356 8495.83 0.286614 
18.9755 9.73487 8317.65 0.341348 
18.9835 9.7446 8798.93 0.249558 
18.9788 9.74881 8817.13 0.110221 
18.9818 9.7413 8511.05 0.237498 
18.9922 9.7362 8645.75 0.163962 
18.9939 9.73622 8728.73 0.0971239 
18.9952 9.74059 8685.43 0.118035 
19.0031 9.73567 8675.03 0.204681 
19.0054 9.73034 8803.87 0.0276791 
19.0069 9.73294 8698.43 0.134655 
19.0134 9.7349 8647.02 0.138181 
19.0164 9.7278 8878.81 0.151433 
19.0172 9.72607 8835.19 0.104103 
19.0229 9.72948 8720 0.121966 
19.0264 9.72521 8852.01 0.119812 
19.0277 9.72249 8890.28 0.0536865 
19.0308 9.72435 8849.56 0.0546583 
19.0326 9.72248 8926.01 0.0771191 
19.0356 9.72042 8966.13 0.0856907 
19.0392 9.72101 8941 0.041761 
19.0403 9.71933 8918.31 0.0570134 
19.049 9.7203 8558.7 0.381419 
19.0739 9.72541 8377.06 0.552306 
19.0974 9.72336 8191.58 0.379368 
19.1113 9.71774 8161.41 0.233368 
19.1209 9.71512 8061.1 0.193971 
19.1324 9.71225 8173.32 0.280359 
19.1451 9.70691 8388.81 0.247364 
19.1555 9.70324 8263.95 0.211495 
19.1661 9.70261 8243.05 0.206802 
19.1761 9.70235 8232.82 0.203269 
19.1867 9.70201 8218.97 0.215525 
19.197 9.70108 8231.61 0.198171 
19.207 9.70028 8235.01 0.212583 
19.2178 9.7023 8267.36 0.216277 
19.2282 9.70377 8226.47 0.209871 
19.2391 9.70497 8249.36 0.227695 
19.2502 9.70667 8224.58 0.217833 
19.2608 9.70885 8189.1 0.224343 
19.2718 9.71252 8212.61 0.232453 
19.2824 9.71656 8133.42 0.223915 
19.2931 9.7203 8044.96 0.228548 
19.3035 9.72459 7964.41 0.220982 
19.3129 9.73009 7877.32 0.216674 
19.3217 9.736 7777.53 0.202293 
19.3293 9.74152 7631.6 0.173458 
19.3357 9.74689 7491.53 0.164652 
19.3413 9.75305 7375.66 0.169762 
19.3464 9.75971 7248.66 0.162873 
19.3513 9.76608 7114.52 0.161168 
19.3564 9.77253 6962.14 0.169192 
19.3613 9.78219 6653.42 0.309931 
19.3716 9.79511 6290.49 0.332137 
19.3834 9.80475 6286.68 0.276999 
19.3894 9.81714 6059.42 0.277452 
19.3943 9.82765 5941.29 0.184917 
19.4009 9.83181 5959.52 0.132337 
19.4056 9.83477 5780.01 0.102884 
19.4102 9.83879 5678.85 0.149713 
19.4166 9.84433 5621.25 0.175885 
19.4225 9.84972 5453.55 0.143253 
19.428 9.85431 5311.76 0.150857 
19.4346 9.8589 5169.61 0.165654 
19.4419 9.86282 4976.81 0.16913 
19.4498 9.86713 4751.46 0.194373 
19.4588 9.87232 4470.7 0.219315 
19.4682 9.87735 4015.3 0.168426 
19.4642 9.87865 3033.73 0.138857 
19.474 9.87057 2087.11 0.665567 
19.5326 9.85871 1218.41 1.69966 
19.6353 9.84961 638.355 2.3516 
19.7618 9.84666 382.522 2.67785 
19.9011 9.85143 269.031 2.89028 
20.0498 9.86365 167.147 3.07953 
