12.35 8.45 0 0.206171 
12.351 8.45468 0 0.234184 
12.371 8.45903 0 0.582281 
12.4081 8.46307 0 0.905408 
12.4607 8.46681 0 1.19907 
12.5273 8.47028 0 1.46519 
12.6066 8.4735 0 1.70618 
12.6974 8.47648 0 1.92432 
12.7986 8.47924 0 2.12175 
12.9092 8.48179 0 2.30043 
13.0283 8.48414 0 2.46212 
13.1551 8.48632 0 2.60844 
13.2889 8.48832 0 2.74085 
13.429 8.49017 0 2.86066 
13.5748 8.49187 0 2.96907 
13.7257 8.49344 4.64744 3.06798 
13.8814 8.49495 5.62273 3.15783 
14.0413 8.49642 6.97102 3.23911 
14.2051 8.4979 8.87694 3.3126 
14.3725 8.49945 11.6215 3.37897 
14.5429 8.50115 15.6321 3.43882 
14.7162 8.50313 21.5495 3.49261 
14.8921 8.50558 30.3039 3.5407 
15.0702 8.50881 43.1522 3.58331 
15.2502 8.51325 61.5437 3.62052 
15.4319 8.51958 86.541 3.65234 
15.615 8.52868 117.485 3.67892 
15.7991 8.54168 150.175 3.70091 
15.9837 8.55968 176.485 3.71964 
16.1686 8.58338 190.555 3.73645 
16.3535 8.61272 186.275 3.7518 
16.5383 8.64682 170.888 3.76514 
16.7231 8.68435 152.784 3.77557 
16.9078 8.7239 146.401 3.78199 
17.0925 8.76437 198.001 3.77326 
17.2747 8.80639 583.296 3.68154 
17.4425 8.85957 1706.45 3.3103 
17.5697 8.94446 2325.93 2.87088 
17.6456 9.05341 1908.81 2.44833 
17.6852 9.15785 1632.36 2.05199 
17.7194 9.24691 2846.48 1.7639 
17.8046 9.28469 5063.39 2.18616 
17.9268 9.26638 4414.18 2.43181 
18.0294 9.29495 4227.04 2.12301 
18.0871 9.37497 3724.69 1.875 
18.12 9.45403 4164.11 1.40065 
18.1694 9.48386 4822.65 1.11539 
18.2183 9.4911 6016.94 1.02313 
18.2764 9.53227 6606.65 1.59516 
18.3291 9.56726 7102.68 0.841647 
18.3524 9.58566 6239.32 0.599078 
18.3682 9.61857 5041.88 0.845575 
18.4024 9.63393 5472.1 1.30733 
18.5032 9.61233 5250.25 2.03461 
18.5904 9.61948 4800.62 1.50171 
18.6679 9.61249 5866.12 1.69371 
18.7478 9.55522 5175.32 2.19524 
18.8413 9.52643 4317.29 1.53322 
18.889 9.58753 3731.59 2.16315 
18.9303 9.70901 3391.45 2.83208 
19.0151 9.77313 2914.61 1.97205 
19.1457 9.75655 1530.79 3.19671 
19.3192 9.73899 1051.8 3.70913 
19.511 9.74112 866.09 3.94022 
19.7093 9.76491 768.667 4.03237 
19.9067 9.80613 615.465 4.01644 
20.0988 9.85784 478.124 3.93978 
12.35 8.45 0 0.0353131 
12.3581 8.45051 0 0.350059 
12.3844 8.4511 0 0.697376 
12.4272 8.45175 0 1.01168 
12.485 8.45246 0 1.29607 
12.5564 8.45323 0 1.55341 
12.64 8.45404 0 1.78625 
12.7346 8.45489 0 1.99694 
12.8393 8.45578 0 2.18757 
12.9531 8.4567 0 2.36006 
13.075 8.45766 0 2.51614 
13.2044 8.45865 2.54065 2.6574 
13.3405 8.45974 3.31463 2.78526 
13.4827 8.46094 4.36196 2.90099 
13.6305 8.46228 5.78179 3.00576 
13.7831 8.46379 7.70705 3.10065 
13.9404 8.46552 10.3142 3.18663 
14.1017 8.46754 13.8312 3.26463 
14.2667 8.46994 18.5419 3.3355 
14.4351 8.47287 24.7811 3.40006 
14.6065 8.47651 32.9088 3.45914 
14.7808 8.48111 43.2515 3.51358 
14.9577 8.48698 56.0048 3.56428 
15.1369 8.49452 71.1096 3.6122 
15.3184 8.5042 88.1609 3.65836 
15.5021 8.51654 106.424 3.70385 
15.6877 8.5321 125.034 3.74969 
15.8754 8.55144 143.305 3.79678 
16.065 8.57504 160.769 3.84582 
16.2565 8.60332 179.212 3.8971 
16.4498 8.63653 193.157 3.9504 
16.645 8.67474 202.28 4.00452 
16.8419 8.71775 211.465 4.05629 
17.0402 8.76499 258.434 4.09102 
17.2369 8.81656 701.713 3.99522 
17.404 8.88026 2271.43 2.87223 
17.4819 8.98112 1522.17 2.51177 
17.511 9.09588 1086.8 2.17795 
17.5232 9.19491 795.963 1.86341 
17.5346 9.28581 713.305 1.85035 
17.5626 9.37906 1356.14 2.07775 
17.6369 9.46115 2817.6 2.58162 
17.7859 9.49948 2640.55 3.31967 
17.9284 9.52147 3453.34 2.21833 
17.9912 9.5689 3078.55 1.31454 
17.9967 9.63967 2306.24 1.54467 
18.0127 9.71559 3321.7 1.90849 
18.0962 9.77837 5326.67 1.87204 
18.1415 9.77149 6188.05 0.670922 
18.1728 9.75488 6051.19 0.895401 
18.2162 9.77635 4128.15 0.81006 
18.2414 9.77699 3475.13 0.42957 
18.2641 9.75544 4906.74 0.937493 
18.3242 9.73481 6130.11 1.2568 
18.3796 9.7425 5125.06 1.01226 
18.4133 9.77868 3619.73 1.1083 
18.4595 9.83042 3377.06 1.69546 
18.5429 9.87533 4565.59 2.04486 
18.6443 9.89862 5251.09 2.05076 
18.7336 9.89519 5316.58 1.46197 
18.7921 9.85665 4312.1 1.4833 
18.8387 9.81289 3885.7 0.684435 
18.8495 9.83444 4274.55 1.31872 
18.8939 9.8988 5148.69 1.75229 
18.9668 9.87331 5662.01 1.58729 
19.0066 9.8058 6503.86 1.33392 
19.0845 9.80811 5574.07 1.82285 
19.1563 9.8386 4399.54 1.324 
19.2028 9.89609 4431.03 1.74375 
19.2795 9.95146 4131.68 2.32067 
19.4208 9.959 2448.34 3.22072 
19.592 9.95091 1608.88 3.60101 
19.7778 9.92753 1039.94 3.88364 
19.9744 9.89055 824.122 4.11646 
20.1869 9.8559 1195.33 4.55436 
12.35 8.45 0 0.256363 
12.3718 8.44853 0 0.61139 
12.4105 8.44734 0 0.933604 
12.4646 8.44639 0 1.22532 
12.5326 8.44566 0 1.48933 
12.6131 8.44514 0 1.72824 
12.705 8.44482 0 1.94442 
12.8072 8.44466 0 2.14004 
12.9187 8.44467 0 2.31704 
13.0386 8.44483 0 2.4772 
13.1662 8.44512 0 2.62213 
13.3006 8.44554 0 2.75325 
13.4413 8.44607 0 2.87191 
13.5876 8.44671 0 2.97927 
13.739 8.44745 2.23583 3.07643 
13.8951 8.44832 2.98722 3.16444 
14.0553 8.44937 4.04708 3.24414 
14.2194 8.4506 7.68091 3.31621 
14.3868 8.45205 9.93049 3.38042 
14.5573 8.45378 13.1633 3.43871 
14.7306 8.45588 17.8757 3.49179 
14.9064 8.45847 24.815 3.54039 
15.0845 8.46178 35.0665 3.58538 
15.2648 8.46614 50.0808 3.62785 
15.4471 8.47204 71.4522 3.66929 
15.6315 8.48024 100.081 3.71184 
15.8178 8.49174 134.395 3.75832 
16.0064 8.50771 168.36 3.81146 
16.1972 8.52924 192.128 3.87222 
16.3905 8.55685 197.819 3.9374 
16.5861 8.5902 189.019 4.00013 
16.7839 8.62809 171.144 4.05385 
16.9835 8.66904 169.937 4.09283 
17.1838 8.71172 298.812 4.07991 
17.3773 8.75458 1023.94 3.74626 
17.5328 8.79529 2198.78 2.53766 
17.6182 8.86222 2173.44 2.19062 
17.6446 8.97898 1415.05 2.57402 
17.6407 9.11106 804.706 2.6699 
17.6408 9.24382 831.124 2.65525 
17.6655 9.3768 1478.89 2.7744 
17.7243 9.4924 3189.06 2.34592 
17.8285 9.51467 3579.48 2.01978 
17.9351 9.48732 3605.26 2.27414 
18.016 9.47892 5068.78 1.03182 
18.0269 9.55579 3514.58 2.03163 
18.0584 9.65071 3849.56 1.84111 
18.1448 9.6954 4675.98 2.04671 
18.2191 9.68712 5792.82 0.872165 
18.2356 9.70433 4938 0.373708 
18.2461 9.7218 3592.08 0.801735 
18.2962 9.74268 3598.67 1.34162 
18.3688 9.75724 4577.52 1.54159 
18.4346 9.77596 6014.11 1.13348 
18.4924 9.80078 6974.2 1.72303 
18.589 9.80772 6277.02 1.97648 
18.6782 9.85154 4613.27 2.16613 
18.7525 9.90055 4517.28 1.66169 
18.8512 9.87214 4104.8 2.51998 
18.9704 9.81788 4081.27 2.49684 
19.096 9.83457 4046.24 2.96359 
19.2395 9.92112 3382.23 3.71699 
19.4103 9.98671 2078.99 3.6128 
19.5897 10.0277 1420.9 3.78565 
19.7815 10.0617 1986.94 3.99721 
19.9798 10.0589 2503.86 4.11963 
20.1947 10.0227 2279.86 4.48595 
12.35 8.45 0 0.135748 
12.3617 8.45619 0 0.436149 
12.3914 8.46189 0 0.768247 
12.4372 8.46715 0 1.07346 
12.4978 8.47199 0 1.35088 
12.5716 8.47644 0 1.60238 
12.6574 8.48053 0 1.83018 
12.754 8.48428 0 2.03643 
12.8606 8.48771 0 2.22314 
12.976 8.49085 0 2.39212 
13.0994 8.49372 0 2.54505 
13.2302 8.49633 0 2.68345 
13.3675 8.49872 2.5337 2.80872 
13.5108 8.50095 3.32422 2.92209 
13.6595 8.50308 4.40023 3.0247 
13.8131 8.50514 5.86939 3.11758 
13.9711 8.5072 7.87588 3.20166 
14.1331 8.50931 10.6101 3.2778 
14.2987 8.51159 14.3169 3.34679 
14.4676 8.51414 19.296 3.40938 
14.6395 8.51713 25.8877 3.46626 
14.8141 8.52078 34.4262 3.51812 
14.9911 8.52537 45.1474 3.56567 
15.1704 8.53125 58.0439 3.60963 
15.3518 8.53884 72.7041 3.65077 
15.5351 8.54862 88.2404 3.68989 
15.7201 8.56106 103.467 3.72768 
15.9068 8.57659 117.397 3.76466 
16.0949 8.59557 129.835 3.80109 
16.2846 8.61823 143.982 3.83704 
16.4755 8.64474 156.851 3.87246 
16.6675 8.67526 170.155 3.90715 
16.8606 8.70994 189.742 3.93923 
17.0542 8.74883 251.344 3.95417 
17.2451 8.79279 690.431 3.82781 
17.4094 8.85305 1963.46 3.10015 
17.5008 8.95214 1453.01 2.52327 
17.5484 9.06159 1456.33 2.19796 
17.5729 9.15388 1877.78 1.66705 
17.5695 9.23658 1792.28 1.7692 
17.558 9.33588 2035.53 2.23015 
17.5764 9.44969 3901.77 2.4193 
17.6831 9.50172 3618.81 2.69057 
17.7993 9.50994 3317.94 1.74505 
17.8537 9.54083 3254.35 1.17745 
17.8682 9.60914 2958.31 1.54895 
17.8771 9.67433 3919.14 0.873582 
17.909 9.66642 5480.21 1.71041 
18.0087 9.62223 5979.48 2.43127 
18.1049 9.63017 5512.96 1.48165 
18.1412 9.67591 3781.34 0.978353 
18.1557 9.70728 3682.73 0.540541 
18.2047 9.70885 5114.71 1.65905 
18.2927 9.72696 6731.71 1.54914 
18.3196 9.75326 6290.72 0.129 
18.323 9.74662 5293.86 0.43053 
18.3608 9.74481 5255.83 0.870758 
18.4246 9.7637 5524.9 1.83744 
18.5291 9.78598 5358.66 2.26983 
18.6319 9.79141 5050.28 1.97571 
18.727 9.75622 6551.6 1.98992 
18.792 9.70353 8087.36 1.5125 
18.8708 9.70334 5937.28 1.57992 
18.9402 9.74505 5062.65 1.73112 
19.0145 9.80581 4908.44 2.13959 
19.1059 9.88089 4471 2.51725 
19.2034 9.91644 4274.22 1.42879 
19.2632 9.9018 4314.41 1.25578 
19.328 9.89845 4084.44 1.40021 
19.4083 9.91831 3000.77 2.10473 
19.5401 9.92126 1545.59 3.10258 
19.7095 9.92148 649.838 3.59381 
19.8938 9.9192 287.58 3.74467 
20.0819 9.91384 163.006 3.77317 
12.35 8.45 0 0.0347759 
12.3613 8.45053 0 0.411034 
12.3905 8.45113 0 0.75256 
12.436 8.45179 0 1.06161 
12.4962 8.45252 0 1.34126 
12.5696 8.45329 0 1.59429 
12.6552 8.45411 0 1.82324 
12.7516 8.45498 0 2.03041 
12.8579 8.45587 0 2.21786 
12.9731 8.45683 2.61998 2.38745 
13.0963 8.45788 3.44353 2.54089 
13.2269 8.45906 4.55565 2.67972 
13.3641 8.46038 6.05637 2.80532 
13.5072 8.46189 8.07604 2.91896 
13.6558 8.46363 10.7796 3.02176 
13.8092 8.46568 14.3668 3.11475 
13.9671 8.46813 19.0619 3.19888 
14.1289 8.47112 25.085 3.27501 
14.2944 8.47483 32.5974 3.34394 
14.4631 8.47949 41.6261 3.40642 
14.6348 8.48534 51.9188 3.46318 
14.8091 8.4927 62.8358 3.51495 
14.9858 8.50185 73.3355 3.56237 
15.1647 8.51306 82.1451 3.60608 
15.3455 8.52651 88.1427 3.6465 
15.5281 8.54226 90.885 3.68388 
15.7123 8.56021 90.8723 3.71829 
15.8979 8.58014 91.9412 3.74968 
16.0849 8.60176 92.0717 3.77812 
16.273 8.62487 95.6632 3.80389 
16.4622 8.64941 105.338 3.8274 
16.6524 8.67561 123.649 3.84921 
16.8432 8.704 155.667 3.86996 
17.0346 8.73554 214.914 3.88698 
17.2257 8.77171 370.026 3.88328 
17.4123 8.81543 972.573 3.73328 
17.5714 8.87801 2548.04 3.09299 
17.6516 8.98185 2799.36 2.35174 
17.6533 9.09065 1944.78 2.05329 
17.6349 9.17789 1843.7 1.4525 
17.629 9.23689 2195.72 1.06773 
17.6536 9.29654 3776.61 1.69902 
17.7541 9.35666 4484.5 2.87769 
17.9045 9.36957 3984.6 2.80107 
18.022 9.38548 4277.19 2.18236 
18.09 9.43222 4995.46 0.888045 
18.1138 9.3908 5893.22 1.3898 
18.1437 9.37947 5625.11 1.3868 
18.2154 9.42507 5726.24 1.88564 
18.2907 9.43882 6507.29 0.86178 
18.3068 9.43674 6863.57 0.113598 
18.3128 9.42917 5916.71 0.28511 
18.3385 9.43949 5549.16 0.958068 
18.3863 9.46167 6834.59 0.907244 
18.4259 9.45301 7294.03 0.842156 
18.4657 9.44987 6901.17 0.748288 
18.4924 9.46976 6905.41 0.548773 
18.5001 9.48405 8804.41 0.168736 
18.5116 9.47934 10328.5 0.638803 
18.5508 9.46736 9782.75 0.968366 
18.598 9.48861 8553.3 0.949312 
18.6285 9.50005 8334.09 0.37884 
18.6394 9.51377 8961.27 0.420109 
18.6638 9.527 9841.94 0.767914 
18.7007 9.52917 10416.8 0.585335 
18.7218 9.52891 9951.71 0.348547 
18.7421 9.53529 8765.16 0.521058 
18.7642 9.55384 8992.68 0.610658 
18.7849 9.57615 9804.49 0.597411 
18.8156 9.58554 10739.1 0.749732 
18.8545 9.59248 10312.9 0.789363 
18.8871 9.61015 9610.33 0.721793 
18.9128 9.63606 9191.86 0.75573 
18.9473 9.66225 10545.9 1.06303 
19.0091 9.64988 10788.3 1.18779 
19.0338 9.65138 8416.2 0.480828 
19.056 9.67381 8872.73 1.04973 
19.1088 9.70689 8166.6 1.34312 
19.1731 9.72905 8099.54 1.37543 
19.2377 9.74329 7332.63 1.38293 
19.3197 9.74787 6311.88 1.84886 
19.415 9.76167 4497.45 2.05346 
19.5342 9.7777 2296.56 2.77202 
19.678 9.80003 1726.62 2.94682 
19.8152 9.84634 1434.63 2.86919 
19.9504 9.90276 1126.56 3.05004 
20.1074 9.94647 851.838 3.49392 
